# vertices of the finite torus cover E_N x E_N for m2: id: (p, q) integer coordinates
0: 0,0 ; 0,0
1: 0,0 ; 0,1
2: 0,0 ; 0,2
3: 0,0 ; 0,3
4: 0,0 ; 1,0
5: 0,0 ; 1,1
6: 0,0 ; 1,2
7: 0,0 ; 1,3
8: 0,0 ; 2,0
9: 0,0 ; 2,1
10: 0,0 ; 2,2
11: 0,0 ; 2,3
12: 0,0 ; 3,0
13: 0,0 ; 3,1
14: 0,0 ; 3,2
15: 0,0 ; 3,3
16: 0,1 ; 0,0
17: 0,1 ; 0,1
18: 0,1 ; 0,2
19: 0,1 ; 0,3
20: 0,1 ; 1,0
21: 0,1 ; 1,1
22: 0,1 ; 1,2
23: 0,1 ; 1,3
24: 0,1 ; 2,0
25: 0,1 ; 2,1
26: 0,1 ; 2,2
27: 0,1 ; 2,3
28: 0,1 ; 3,0
29: 0,1 ; 3,1
30: 0,1 ; 3,2
31: 0,1 ; 3,3
32: 0,2 ; 0,0
33: 0,2 ; 0,1
34: 0,2 ; 0,2
35: 0,2 ; 0,3
36: 0,2 ; 1,0
37: 0,2 ; 1,1
38: 0,2 ; 1,2
39: 0,2 ; 1,3
40: 0,2 ; 2,0
41: 0,2 ; 2,1
42: 0,2 ; 2,2
43: 0,2 ; 2,3
44: 0,2 ; 3,0
45: 0,2 ; 3,1
46: 0,2 ; 3,2
47: 0,2 ; 3,3
48: 0,3 ; 0,0
49: 0,3 ; 0,1
50: 0,3 ; 0,2
51: 0,3 ; 0,3
52: 0,3 ; 1,0
53: 0,3 ; 1,1
54: 0,3 ; 1,2
55: 0,3 ; 1,3
56: 0,3 ; 2,0
57: 0,3 ; 2,1
58: 0,3 ; 2,2
59: 0,3 ; 2,3
60: 0,3 ; 3,0
61: 0,3 ; 3,1
62: 0,3 ; 3,2
63: 0,3 ; 3,3
64: 1,0 ; 0,0
65: 1,0 ; 0,1
66: 1,0 ; 0,2
67: 1,0 ; 0,3
68: 1,0 ; 1,0
69: 1,0 ; 1,1
70: 1,0 ; 1,2
71: 1,0 ; 1,3
72: 1,0 ; 2,0
73: 1,0 ; 2,1
74: 1,0 ; 2,2
75: 1,0 ; 2,3
76: 1,0 ; 3,0
77: 1,0 ; 3,1
78: 1,0 ; 3,2
79: 1,0 ; 3,3
80: 1,1 ; 0,0
81: 1,1 ; 0,1
82: 1,1 ; 0,2
83: 1,1 ; 0,3
84: 1,1 ; 1,0
85: 1,1 ; 1,1
86: 1,1 ; 1,2
87: 1,1 ; 1,3
88: 1,1 ; 2,0
89: 1,1 ; 2,1
90: 1,1 ; 2,2
91: 1,1 ; 2,3
92: 1,1 ; 3,0
93: 1,1 ; 3,1
94: 1,1 ; 3,2
95: 1,1 ; 3,3
96: 1,2 ; 0,0
97: 1,2 ; 0,1
98: 1,2 ; 0,2
99: 1,2 ; 0,3
100: 1,2 ; 1,0
101: 1,2 ; 1,1
102: 1,2 ; 1,2
103: 1,2 ; 1,3
104: 1,2 ; 2,0
105: 1,2 ; 2,1
106: 1,2 ; 2,2
107: 1,2 ; 2,3
108: 1,2 ; 3,0
109: 1,2 ; 3,1
110: 1,2 ; 3,2
111: 1,2 ; 3,3
112: 1,3 ; 0,0
113: 1,3 ; 0,1
114: 1,3 ; 0,2
115: 1,3 ; 0,3
116: 1,3 ; 1,0
117: 1,3 ; 1,1
118: 1,3 ; 1,2
119: 1,3 ; 1,3
120: 1,3 ; 2,0
121: 1,3 ; 2,1
122: 1,3 ; 2,2
123: 1,3 ; 2,3
124: 1,3 ; 3,0
125: 1,3 ; 3,1
126: 1,3 ; 3,2
127: 1,3 ; 3,3
128: 2,0 ; 0,0
129: 2,0 ; 0,1
130: 2,0 ; 0,2
131: 2,0 ; 0,3
132: 2,0 ; 1,0
133: 2,0 ; 1,1
134: 2,0 ; 1,2
135: 2,0 ; 1,3
136: 2,0 ; 2,0
137: 2,0 ; 2,1
138: 2,0 ; 2,2
139: 2,0 ; 2,3
140: 2,0 ; 3,0
141: 2,0 ; 3,1
142: 2,0 ; 3,2
143: 2,0 ; 3,3
144: 2,1 ; 0,0
145: 2,1 ; 0,1
146: 2,1 ; 0,2
147: 2,1 ; 0,3
148: 2,1 ; 1,0
149: 2,1 ; 1,1
150: 2,1 ; 1,2
151: 2,1 ; 1,3
152: 2,1 ; 2,0
153: 2,1 ; 2,1
154: 2,1 ; 2,2
155: 2,1 ; 2,3
156: 2,1 ; 3,0
157: 2,1 ; 3,1
158: 2,1 ; 3,2
159: 2,1 ; 3,3
160: 2,2 ; 0,0
161: 2,2 ; 0,1
162: 2,2 ; 0,2
163: 2,2 ; 0,3
164: 2,2 ; 1,0
165: 2,2 ; 1,1
166: 2,2 ; 1,2
167: 2,2 ; 1,3
168: 2,2 ; 2,0
169: 2,2 ; 2,1
170: 2,2 ; 2,2
171: 2,2 ; 2,3
172: 2,2 ; 3,0
173: 2,2 ; 3,1
174: 2,2 ; 3,2
175: 2,2 ; 3,3
176: 2,3 ; 0,0
177: 2,3 ; 0,1
178: 2,3 ; 0,2
179: 2,3 ; 0,3
180: 2,3 ; 1,0
181: 2,3 ; 1,1
182: 2,3 ; 1,2
183: 2,3 ; 1,3
184: 2,3 ; 2,0
185: 2,3 ; 2,1
186: 2,3 ; 2,2
187: 2,3 ; 2,3
188: 2,3 ; 3,0
189: 2,3 ; 3,1
190: 2,3 ; 3,2
191: 2,3 ; 3,3
192: 3,0 ; 0,0
193: 3,0 ; 0,1
194: 3,0 ; 0,2
195: 3,0 ; 0,3
196: 3,0 ; 1,0
197: 3,0 ; 1,1
198: 3,0 ; 1,2
199: 3,0 ; 1,3
200: 3,0 ; 2,0
201: 3,0 ; 2,1
202: 3,0 ; 2,2
203: 3,0 ; 2,3
204: 3,0 ; 3,0
205: 3,0 ; 3,1
206: 3,0 ; 3,2
207: 3,0 ; 3,3
208: 3,1 ; 0,0
209: 3,1 ; 0,1
210: 3,1 ; 0,2
211: 3,1 ; 0,3
212: 3,1 ; 1,0
213: 3,1 ; 1,1
214: 3,1 ; 1,2
215: 3,1 ; 1,3
216: 3,1 ; 2,0
217: 3,1 ; 2,1
218: 3,1 ; 2,2
219: 3,1 ; 2,3
220: 3,1 ; 3,0
221: 3,1 ; 3,1
222: 3,1 ; 3,2
223: 3,1 ; 3,3
224: 3,2 ; 0,0
225: 3,2 ; 0,1
226: 3,2 ; 0,2
227: 3,2 ; 0,3
228: 3,2 ; 1,0
229: 3,2 ; 1,1
230: 3,2 ; 1,2
231: 3,2 ; 1,3
232: 3,2 ; 2,0
233: 3,2 ; 2,1
234: 3,2 ; 2,2
235: 3,2 ; 2,3
236: 3,2 ; 3,0
237: 3,2 ; 3,1
238: 3,2 ; 3,2
239: 3,2 ; 3,3
240: 3,3 ; 0,0
241: 3,3 ; 0,1
242: 3,3 ; 0,2
243: 3,3 ; 0,3
244: 3,3 ; 1,0
245: 3,3 ; 1,1
246: 3,3 ; 1,2
247: 3,3 ; 1,3
248: 3,3 ; 2,0
249: 3,3 ; 2,1
250: 3,3 ; 2,2
251: 3,3 ; 2,3
252: 3,3 ; 3,0
253: 3,3 ; 3,1
254: 3,3 ; 3,2
255: 3,3 ; 3,3
