# vertices of the finite torus cover E_N x E_N for m4: id: (p, q) integer coordinates
0: 0,0 ; 0,0
1: 0,0 ; 0,3
2: 0,0 ; 0,6
3: 0,0 ; 0,9
4: 0,0 ; 1,4
5: 0,0 ; 1,10
6: 0,0 ; 2,1
7: 0,0 ; 2,7
8: 0,0 ; 3,0
9: 0,0 ; 3,3
10: 0,0 ; 3,6
11: 0,0 ; 3,9
12: 0,0 ; 4,5
13: 0,0 ; 4,11
14: 0,0 ; 5,2
15: 0,0 ; 5,8
16: 0,0 ; 6,0
17: 0,0 ; 6,3
18: 0,0 ; 6,6
19: 0,0 ; 6,9
20: 0,0 ; 7,4
21: 0,0 ; 7,10
22: 0,0 ; 8,1
23: 0,0 ; 8,7
24: 0,0 ; 9,0
25: 0,0 ; 9,3
26: 0,0 ; 9,6
27: 0,0 ; 9,9
28: 0,0 ; 10,5
29: 0,0 ; 10,11
30: 0,0 ; 11,2
31: 0,0 ; 11,8
32: 0,3 ; 0,0
33: 0,3 ; 0,3
34: 0,3 ; 0,6
35: 0,3 ; 0,9
36: 0,3 ; 1,4
37: 0,3 ; 1,10
38: 0,3 ; 2,1
39: 0,3 ; 2,7
40: 0,3 ; 3,0
41: 0,3 ; 3,3
42: 0,3 ; 3,6
43: 0,3 ; 3,9
44: 0,3 ; 4,5
45: 0,3 ; 4,11
46: 0,3 ; 5,2
47: 0,3 ; 5,8
48: 0,3 ; 6,0
49: 0,3 ; 6,3
50: 0,3 ; 6,6
51: 0,3 ; 6,9
52: 0,3 ; 7,4
53: 0,3 ; 7,10
54: 0,3 ; 8,1
55: 0,3 ; 8,7
56: 0,3 ; 9,0
57: 0,3 ; 9,3
58: 0,3 ; 9,6
59: 0,3 ; 9,9
60: 0,3 ; 10,5
61: 0,3 ; 10,11
62: 0,3 ; 11,2
63: 0,3 ; 11,8
64: 0,6 ; 0,0
65: 0,6 ; 0,3
66: 0,6 ; 0,6
67: 0,6 ; 0,9
68: 0,6 ; 1,4
69: 0,6 ; 1,10
70: 0,6 ; 2,1
71: 0,6 ; 2,7
72: 0,6 ; 3,0
73: 0,6 ; 3,3
74: 0,6 ; 3,6
75: 0,6 ; 3,9
76: 0,6 ; 4,5
77: 0,6 ; 4,11
78: 0,6 ; 5,2
79: 0,6 ; 5,8
80: 0,6 ; 6,0
81: 0,6 ; 6,3
82: 0,6 ; 6,6
83: 0,6 ; 6,9
84: 0,6 ; 7,4
85: 0,6 ; 7,10
86: 0,6 ; 8,1
87: 0,6 ; 8,7
88: 0,6 ; 9,0
89: 0,6 ; 9,3
90: 0,6 ; 9,6
91: 0,6 ; 9,9
92: 0,6 ; 10,5
93: 0,6 ; 10,11
94: 0,6 ; 11,2
95: 0,6 ; 11,8
96: 0,9 ; 0,0
97: 0,9 ; 0,3
98: 0,9 ; 0,6
99: 0,9 ; 0,9
100: 0,9 ; 1,4
101: 0,9 ; 1,10
102: 0,9 ; 2,1
103: 0,9 ; 2,7
104: 0,9 ; 3,0
105: 0,9 ; 3,3
106: 0,9 ; 3,6
107: 0,9 ; 3,9
108: 0,9 ; 4,5
109: 0,9 ; 4,11
110: 0,9 ; 5,2
111: 0,9 ; 5,8
112: 0,9 ; 6,0
113: 0,9 ; 6,3
114: 0,9 ; 6,6
115: 0,9 ; 6,9
116: 0,9 ; 7,4
117: 0,9 ; 7,10
118: 0,9 ; 8,1
119: 0,9 ; 8,7
120: 0,9 ; 9,0
121: 0,9 ; 9,3
122: 0,9 ; 9,6
123: 0,9 ; 9,9
124: 0,9 ; 10,5
125: 0,9 ; 10,11
126: 0,9 ; 11,2
127: 0,9 ; 11,8
128: 1,4 ; 0,0
129: 1,4 ; 0,3
130: 1,4 ; 0,6
131: 1,4 ; 0,9
132: 1,4 ; 1,4
133: 1,4 ; 1,10
134: 1,4 ; 2,1
135: 1,4 ; 2,7
136: 1,4 ; 3,0
137: 1,4 ; 3,3
138: 1,4 ; 3,6
139: 1,4 ; 3,9
140: 1,4 ; 4,5
141: 1,4 ; 4,11
142: 1,4 ; 5,2
143: 1,4 ; 5,8
144: 1,4 ; 6,0
145: 1,4 ; 6,3
146: 1,4 ; 6,6
147: 1,4 ; 6,9
148: 1,4 ; 7,4
149: 1,4 ; 7,10
150: 1,4 ; 8,1
151: 1,4 ; 8,7
152: 1,4 ; 9,0
153: 1,4 ; 9,3
154: 1,4 ; 9,6
155: 1,4 ; 9,9
156: 1,4 ; 10,5
157: 1,4 ; 10,11
158: 1,4 ; 11,2
159: 1,4 ; 11,8
160: 1,10 ; 0,0
161: 1,10 ; 0,3
162: 1,10 ; 0,6
163: 1,10 ; 0,9
164: 1,10 ; 1,4
165: 1,10 ; 1,10
166: 1,10 ; 2,1
167: 1,10 ; 2,7
168: 1,10 ; 3,0
169: 1,10 ; 3,3
170: 1,10 ; 3,6
171: 1,10 ; 3,9
172: 1,10 ; 4,5
173: 1,10 ; 4,11
174: 1,10 ; 5,2
175: 1,10 ; 5,8
176: 1,10 ; 6,0
177: 1,10 ; 6,3
178: 1,10 ; 6,6
179: 1,10 ; 6,9
180: 1,10 ; 7,4
181: 1,10 ; 7,10
182: 1,10 ; 8,1
183: 1,10 ; 8,7
184: 1,10 ; 9,0
185: 1,10 ; 9,3
186: 1,10 ; 9,6
187: 1,10 ; 9,9
188: 1,10 ; 10,5
189: 1,10 ; 10,11
190: 1,10 ; 11,2
191: 1,10 ; 11,8
192: 2,1 ; 0,0
193: 2,1 ; 0,3
194: 2,1 ; 0,6
195: 2,1 ; 0,9
196: 2,1 ; 1,4
197: 2,1 ; 1,10
198: 2,1 ; 2,1
199: 2,1 ; 2,7
200: 2,1 ; 3,0
201: 2,1 ; 3,3
202: 2,1 ; 3,6
203: 2,1 ; 3,9
204: 2,1 ; 4,5
205: 2,1 ; 4,11
206: 2,1 ; 5,2
207: 2,1 ; 5,8
208: 2,1 ; 6,0
209: 2,1 ; 6,3
210: 2,1 ; 6,6
211: 2,1 ; 6,9
212: 2,1 ; 7,4
213: 2,1 ; 7,10
214: 2,1 ; 8,1
215: 2,1 ; 8,7
216: 2,1 ; 9,0
217: 2,1 ; 9,3
218: 2,1 ; 9,6
219: 2,1 ; 9,9
220: 2,1 ; 10,5
221: 2,1 ; 10,11
222: 2,1 ; 11,2
223: 2,1 ; 11,8
224: 2,7 ; 0,0
225: 2,7 ; 0,3
226: 2,7 ; 0,6
227: 2,7 ; 0,9
228: 2,7 ; 1,4
229: 2,7 ; 1,10
230: 2,7 ; 2,1
231: 2,7 ; 2,7
232: 2,7 ; 3,0
233: 2,7 ; 3,3
234: 2,7 ; 3,6
235: 2,7 ; 3,9
236: 2,7 ; 4,5
237: 2,7 ; 4,11
238: 2,7 ; 5,2
239: 2,7 ; 5,8
240: 2,7 ; 6,0
241: 2,7 ; 6,3
242: 2,7 ; 6,6
243: 2,7 ; 6,9
244: 2,7 ; 7,4
245: 2,7 ; 7,10
246: 2,7 ; 8,1
247: 2,7 ; 8,7
248: 2,7 ; 9,0
249: 2,7 ; 9,3
250: 2,7 ; 9,6
251: 2,7 ; 9,9
252: 2,7 ; 10,5
253: 2,7 ; 10,11
254: 2,7 ; 11,2
255: 2,7 ; 11,8
256: 3,0 ; 0,0
257: 3,0 ; 0,3
258: 3,0 ; 0,6
259: 3,0 ; 0,9
260: 3,0 ; 1,4
261: 3,0 ; 1,10
262: 3,0 ; 2,1
263: 3,0 ; 2,7
264: 3,0 ; 3,0
265: 3,0 ; 3,3
266: 3,0 ; 3,6
267: 3,0 ; 3,9
268: 3,0 ; 4,5
269: 3,0 ; 4,11
270: 3,0 ; 5,2
271: 3,0 ; 5,8
272: 3,0 ; 6,0
273: 3,0 ; 6,3
274: 3,0 ; 6,6
275: 3,0 ; 6,9
276: 3,0 ; 7,4
277: 3,0 ; 7,10
278: 3,0 ; 8,1
279: 3,0 ; 8,7
280: 3,0 ; 9,0
281: 3,0 ; 9,3
282: 3,0 ; 9,6
283: 3,0 ; 9,9
284: 3,0 ; 10,5
285: 3,0 ; 10,11
286: 3,0 ; 11,2
287: 3,0 ; 11,8
288: 3,3 ; 0,0
289: 3,3 ; 0,3
290: 3,3 ; 0,6
291: 3,3 ; 0,9
292: 3,3 ; 1,4
293: 3,3 ; 1,10
294: 3,3 ; 2,1
295: 3,3 ; 2,7
296: 3,3 ; 3,0
297: 3,3 ; 3,3
298: 3,3 ; 3,6
299: 3,3 ; 3,9
300: 3,3 ; 4,5
301: 3,3 ; 4,11
302: 3,3 ; 5,2
303: 3,3 ; 5,8
304: 3,3 ; 6,0
305: 3,3 ; 6,3
306: 3,3 ; 6,6
307: 3,3 ; 6,9
308: 3,3 ; 7,4
309: 3,3 ; 7,10
310: 3,3 ; 8,1
311: 3,3 ; 8,7
312: 3,3 ; 9,0
313: 3,3 ; 9,3
314: 3,3 ; 9,6
315: 3,3 ; 9,9
316: 3,3 ; 10,5
317: 3,3 ; 10,11
318: 3,3 ; 11,2
319: 3,3 ; 11,8
320: 3,6 ; 0,0
321: 3,6 ; 0,3
322: 3,6 ; 0,6
323: 3,6 ; 0,9
324: 3,6 ; 1,4
325: 3,6 ; 1,10
326: 3,6 ; 2,1
327: 3,6 ; 2,7
328: 3,6 ; 3,0
329: 3,6 ; 3,3
330: 3,6 ; 3,6
331: 3,6 ; 3,9
332: 3,6 ; 4,5
333: 3,6 ; 4,11
334: 3,6 ; 5,2
335: 3,6 ; 5,8
336: 3,6 ; 6,0
337: 3,6 ; 6,3
338: 3,6 ; 6,6
339: 3,6 ; 6,9
340: 3,6 ; 7,4
341: 3,6 ; 7,10
342: 3,6 ; 8,1
343: 3,6 ; 8,7
344: 3,6 ; 9,0
345: 3,6 ; 9,3
346: 3,6 ; 9,6
347: 3,6 ; 9,9
348: 3,6 ; 10,5
349: 3,6 ; 10,11
350: 3,6 ; 11,2
351: 3,6 ; 11,8
352: 3,9 ; 0,0
353: 3,9 ; 0,3
354: 3,9 ; 0,6
355: 3,9 ; 0,9
356: 3,9 ; 1,4
357: 3,9 ; 1,10
358: 3,9 ; 2,1
359: 3,9 ; 2,7
360: 3,9 ; 3,0
361: 3,9 ; 3,3
362: 3,9 ; 3,6
363: 3,9 ; 3,9
364: 3,9 ; 4,5
365: 3,9 ; 4,11
366: 3,9 ; 5,2
367: 3,9 ; 5,8
368: 3,9 ; 6,0
369: 3,9 ; 6,3
370: 3,9 ; 6,6
371: 3,9 ; 6,9
372: 3,9 ; 7,4
373: 3,9 ; 7,10
374: 3,9 ; 8,1
375: 3,9 ; 8,7
376: 3,9 ; 9,0
377: 3,9 ; 9,3
378: 3,9 ; 9,6
379: 3,9 ; 9,9
380: 3,9 ; 10,5
381: 3,9 ; 10,11
382: 3,9 ; 11,2
383: 3,9 ; 11,8
384: 4,5 ; 0,0
385: 4,5 ; 0,3
386: 4,5 ; 0,6
387: 4,5 ; 0,9
388: 4,5 ; 1,4
389: 4,5 ; 1,10
390: 4,5 ; 2,1
391: 4,5 ; 2,7
392: 4,5 ; 3,0
393: 4,5 ; 3,3
394: 4,5 ; 3,6
395: 4,5 ; 3,9
396: 4,5 ; 4,5
397: 4,5 ; 4,11
398: 4,5 ; 5,2
399: 4,5 ; 5,8
400: 4,5 ; 6,0
401: 4,5 ; 6,3
402: 4,5 ; 6,6
403: 4,5 ; 6,9
404: 4,5 ; 7,4
405: 4,5 ; 7,10
406: 4,5 ; 8,1
407: 4,5 ; 8,7
408: 4,5 ; 9,0
409: 4,5 ; 9,3
410: 4,5 ; 9,6
411: 4,5 ; 9,9
412: 4,5 ; 10,5
413: 4,5 ; 10,11
414: 4,5 ; 11,2
415: 4,5 ; 11,8
416: 4,11 ; 0,0
417: 4,11 ; 0,3
418: 4,11 ; 0,6
419: 4,11 ; 0,9
420: 4,11 ; 1,4
421: 4,11 ; 1,10
422: 4,11 ; 2,1
423: 4,11 ; 2,7
424: 4,11 ; 3,0
425: 4,11 ; 3,3
426: 4,11 ; 3,6
427: 4,11 ; 3,9
428: 4,11 ; 4,5
429: 4,11 ; 4,11
430: 4,11 ; 5,2
431: 4,11 ; 5,8
432: 4,11 ; 6,0
433: 4,11 ; 6,3
434: 4,11 ; 6,6
435: 4,11 ; 6,9
436: 4,11 ; 7,4
437: 4,11 ; 7,10
438: 4,11 ; 8,1
439: 4,11 ; 8,7
440: 4,11 ; 9,0
441: 4,11 ; 9,3
442: 4,11 ; 9,6
443: 4,11 ; 9,9
444: 4,11 ; 10,5
445: 4,11 ; 10,11
446: 4,11 ; 11,2
447: 4,11 ; 11,8
448: 5,2 ; 0,0
449: 5,2 ; 0,3
450: 5,2 ; 0,6
451: 5,2 ; 0,9
452: 5,2 ; 1,4
453: 5,2 ; 1,10
454: 5,2 ; 2,1
455: 5,2 ; 2,7
456: 5,2 ; 3,0
457: 5,2 ; 3,3
458: 5,2 ; 3,6
459: 5,2 ; 3,9
460: 5,2 ; 4,5
461: 5,2 ; 4,11
462: 5,2 ; 5,2
463: 5,2 ; 5,8
464: 5,2 ; 6,0
465: 5,2 ; 6,3
466: 5,2 ; 6,6
467: 5,2 ; 6,9
468: 5,2 ; 7,4
469: 5,2 ; 7,10
470: 5,2 ; 8,1
471: 5,2 ; 8,7
472: 5,2 ; 9,0
473: 5,2 ; 9,3
474: 5,2 ; 9,6
475: 5,2 ; 9,9
476: 5,2 ; 10,5
477: 5,2 ; 10,11
478: 5,2 ; 11,2
479: 5,2 ; 11,8
480: 5,8 ; 0,0
481: 5,8 ; 0,3
482: 5,8 ; 0,6
483: 5,8 ; 0,9
484: 5,8 ; 1,4
485: 5,8 ; 1,10
486: 5,8 ; 2,1
487: 5,8 ; 2,7
488: 5,8 ; 3,0
489: 5,8 ; 3,3
490: 5,8 ; 3,6
491: 5,8 ; 3,9
492: 5,8 ; 4,5
493: 5,8 ; 4,11
494: 5,8 ; 5,2
495: 5,8 ; 5,8
496: 5,8 ; 6,0
497: 5,8 ; 6,3
498: 5,8 ; 6,6
499: 5,8 ; 6,9
500: 5,8 ; 7,4
501: 5,8 ; 7,10
502: 5,8 ; 8,1
503: 5,8 ; 8,7
504: 5,8 ; 9,0
505: 5,8 ; 9,3
506: 5,8 ; 9,6
507: 5,8 ; 9,9
508: 5,8 ; 10,5
509: 5,8 ; 10,11
510: 5,8 ; 11,2
511: 5,8 ; 11,8
512: 6,0 ; 0,0
513: 6,0 ; 0,3
514: 6,0 ; 0,6
515: 6,0 ; 0,9
516: 6,0 ; 1,4
517: 6,0 ; 1,10
518: 6,0 ; 2,1
519: 6,0 ; 2,7
520: 6,0 ; 3,0
521: 6,0 ; 3,3
522: 6,0 ; 3,6
523: 6,0 ; 3,9
524: 6,0 ; 4,5
525: 6,0 ; 4,11
526: 6,0 ; 5,2
527: 6,0 ; 5,8
528: 6,0 ; 6,0
529: 6,0 ; 6,3
530: 6,0 ; 6,6
531: 6,0 ; 6,9
532: 6,0 ; 7,4
533: 6,0 ; 7,10
534: 6,0 ; 8,1
535: 6,0 ; 8,7
536: 6,0 ; 9,0
537: 6,0 ; 9,3
538: 6,0 ; 9,6
539: 6,0 ; 9,9
540: 6,0 ; 10,5
541: 6,0 ; 10,11
542: 6,0 ; 11,2
543: 6,0 ; 11,8
544: 6,3 ; 0,0
545: 6,3 ; 0,3
546: 6,3 ; 0,6
547: 6,3 ; 0,9
548: 6,3 ; 1,4
549: 6,3 ; 1,10
550: 6,3 ; 2,1
551: 6,3 ; 2,7
552: 6,3 ; 3,0
553: 6,3 ; 3,3
554: 6,3 ; 3,6
555: 6,3 ; 3,9
556: 6,3 ; 4,5
557: 6,3 ; 4,11
558: 6,3 ; 5,2
559: 6,3 ; 5,8
560: 6,3 ; 6,0
561: 6,3 ; 6,3
562: 6,3 ; 6,6
563: 6,3 ; 6,9
564: 6,3 ; 7,4
565: 6,3 ; 7,10
566: 6,3 ; 8,1
567: 6,3 ; 8,7
568: 6,3 ; 9,0
569: 6,3 ; 9,3
570: 6,3 ; 9,6
571: 6,3 ; 9,9
572: 6,3 ; 10,5
573: 6,3 ; 10,11
574: 6,3 ; 11,2
575: 6,3 ; 11,8
576: 6,6 ; 0,0
577: 6,6 ; 0,3
578: 6,6 ; 0,6
579: 6,6 ; 0,9
580: 6,6 ; 1,4
581: 6,6 ; 1,10
582: 6,6 ; 2,1
583: 6,6 ; 2,7
584: 6,6 ; 3,0
585: 6,6 ; 3,3
586: 6,6 ; 3,6
587: 6,6 ; 3,9
588: 6,6 ; 4,5
589: 6,6 ; 4,11
590: 6,6 ; 5,2
591: 6,6 ; 5,8
592: 6,6 ; 6,0
593: 6,6 ; 6,3
594: 6,6 ; 6,6
595: 6,6 ; 6,9
596: 6,6 ; 7,4
597: 6,6 ; 7,10
598: 6,6 ; 8,1
599: 6,6 ; 8,7
600: 6,6 ; 9,0
601: 6,6 ; 9,3
602: 6,6 ; 9,6
603: 6,6 ; 9,9
604: 6,6 ; 10,5
605: 6,6 ; 10,11
606: 6,6 ; 11,2
607: 6,6 ; 11,8
608: 6,9 ; 0,0
609: 6,9 ; 0,3
610: 6,9 ; 0,6
611: 6,9 ; 0,9
612: 6,9 ; 1,4
613: 6,9 ; 1,10
614: 6,9 ; 2,1
615: 6,9 ; 2,7
616: 6,9 ; 3,0
617: 6,9 ; 3,3
618: 6,9 ; 3,6
619: 6,9 ; 3,9
620: 6,9 ; 4,5
621: 6,9 ; 4,11
622: 6,9 ; 5,2
623: 6,9 ; 5,8
624: 6,9 ; 6,0
625: 6,9 ; 6,3
626: 6,9 ; 6,6
627: 6,9 ; 6,9
628: 6,9 ; 7,4
629: 6,9 ; 7,10
630: 6,9 ; 8,1
631: 6,9 ; 8,7
632: 6,9 ; 9,0
633: 6,9 ; 9,3
634: 6,9 ; 9,6
635: 6,9 ; 9,9
636: 6,9 ; 10,5
637: 6,9 ; 10,11
638: 6,9 ; 11,2
639: 6,9 ; 11,8
640: 7,4 ; 0,0
641: 7,4 ; 0,3
642: 7,4 ; 0,6
643: 7,4 ; 0,9
644: 7,4 ; 1,4
645: 7,4 ; 1,10
646: 7,4 ; 2,1
647: 7,4 ; 2,7
648: 7,4 ; 3,0
649: 7,4 ; 3,3
650: 7,4 ; 3,6
651: 7,4 ; 3,9
652: 7,4 ; 4,5
653: 7,4 ; 4,11
654: 7,4 ; 5,2
655: 7,4 ; 5,8
656: 7,4 ; 6,0
657: 7,4 ; 6,3
658: 7,4 ; 6,6
659: 7,4 ; 6,9
660: 7,4 ; 7,4
661: 7,4 ; 7,10
662: 7,4 ; 8,1
663: 7,4 ; 8,7
664: 7,4 ; 9,0
665: 7,4 ; 9,3
666: 7,4 ; 9,6
667: 7,4 ; 9,9
668: 7,4 ; 10,5
669: 7,4 ; 10,11
670: 7,4 ; 11,2
671: 7,4 ; 11,8
672: 7,10 ; 0,0
673: 7,10 ; 0,3
674: 7,10 ; 0,6
675: 7,10 ; 0,9
676: 7,10 ; 1,4
677: 7,10 ; 1,10
678: 7,10 ; 2,1
679: 7,10 ; 2,7
680: 7,10 ; 3,0
681: 7,10 ; 3,3
682: 7,10 ; 3,6
683: 7,10 ; 3,9
684: 7,10 ; 4,5
685: 7,10 ; 4,11
686: 7,10 ; 5,2
687: 7,10 ; 5,8
688: 7,10 ; 6,0
689: 7,10 ; 6,3
690: 7,10 ; 6,6
691: 7,10 ; 6,9
692: 7,10 ; 7,4
693: 7,10 ; 7,10
694: 7,10 ; 8,1
695: 7,10 ; 8,7
696: 7,10 ; 9,0
697: 7,10 ; 9,3
698: 7,10 ; 9,6
699: 7,10 ; 9,9
700: 7,10 ; 10,5
701: 7,10 ; 10,11
702: 7,10 ; 11,2
703: 7,10 ; 11,8
704: 8,1 ; 0,0
705: 8,1 ; 0,3
706: 8,1 ; 0,6
707: 8,1 ; 0,9
708: 8,1 ; 1,4
709: 8,1 ; 1,10
710: 8,1 ; 2,1
711: 8,1 ; 2,7
712: 8,1 ; 3,0
713: 8,1 ; 3,3
714: 8,1 ; 3,6
715: 8,1 ; 3,9
716: 8,1 ; 4,5
717: 8,1 ; 4,11
718: 8,1 ; 5,2
719: 8,1 ; 5,8
720: 8,1 ; 6,0
721: 8,1 ; 6,3
722: 8,1 ; 6,6
723: 8,1 ; 6,9
724: 8,1 ; 7,4
725: 8,1 ; 7,10
726: 8,1 ; 8,1
727: 8,1 ; 8,7
728: 8,1 ; 9,0
729: 8,1 ; 9,3
730: 8,1 ; 9,6
731: 8,1 ; 9,9
732: 8,1 ; 10,5
733: 8,1 ; 10,11
734: 8,1 ; 11,2
735: 8,1 ; 11,8
736: 8,7 ; 0,0
737: 8,7 ; 0,3
738: 8,7 ; 0,6
739: 8,7 ; 0,9
740: 8,7 ; 1,4
741: 8,7 ; 1,10
742: 8,7 ; 2,1
743: 8,7 ; 2,7
744: 8,7 ; 3,0
745: 8,7 ; 3,3
746: 8,7 ; 3,6
747: 8,7 ; 3,9
748: 8,7 ; 4,5
749: 8,7 ; 4,11
750: 8,7 ; 5,2
751: 8,7 ; 5,8
752: 8,7 ; 6,0
753: 8,7 ; 6,3
754: 8,7 ; 6,6
755: 8,7 ; 6,9
756: 8,7 ; 7,4
757: 8,7 ; 7,10
758: 8,7 ; 8,1
759: 8,7 ; 8,7
760: 8,7 ; 9,0
761: 8,7 ; 9,3
762: 8,7 ; 9,6
763: 8,7 ; 9,9
764: 8,7 ; 10,5
765: 8,7 ; 10,11
766: 8,7 ; 11,2
767: 8,7 ; 11,8
768: 9,0 ; 0,0
769: 9,0 ; 0,3
770: 9,0 ; 0,6
771: 9,0 ; 0,9
772: 9,0 ; 1,4
773: 9,0 ; 1,10
774: 9,0 ; 2,1
775: 9,0 ; 2,7
776: 9,0 ; 3,0
777: 9,0 ; 3,3
778: 9,0 ; 3,6
779: 9,0 ; 3,9
780: 9,0 ; 4,5
781: 9,0 ; 4,11
782: 9,0 ; 5,2
783: 9,0 ; 5,8
784: 9,0 ; 6,0
785: 9,0 ; 6,3
786: 9,0 ; 6,6
787: 9,0 ; 6,9
788: 9,0 ; 7,4
789: 9,0 ; 7,10
790: 9,0 ; 8,1
791: 9,0 ; 8,7
792: 9,0 ; 9,0
793: 9,0 ; 9,3
794: 9,0 ; 9,6
795: 9,0 ; 9,9
796: 9,0 ; 10,5
797: 9,0 ; 10,11
798: 9,0 ; 11,2
799: 9,0 ; 11,8
800: 9,3 ; 0,0
801: 9,3 ; 0,3
802: 9,3 ; 0,6
803: 9,3 ; 0,9
804: 9,3 ; 1,4
805: 9,3 ; 1,10
806: 9,3 ; 2,1
807: 9,3 ; 2,7
808: 9,3 ; 3,0
809: 9,3 ; 3,3
810: 9,3 ; 3,6
811: 9,3 ; 3,9
812: 9,3 ; 4,5
813: 9,3 ; 4,11
814: 9,3 ; 5,2
815: 9,3 ; 5,8
816: 9,3 ; 6,0
817: 9,3 ; 6,3
818: 9,3 ; 6,6
819: 9,3 ; 6,9
820: 9,3 ; 7,4
821: 9,3 ; 7,10
822: 9,3 ; 8,1
823: 9,3 ; 8,7
824: 9,3 ; 9,0
825: 9,3 ; 9,3
826: 9,3 ; 9,6
827: 9,3 ; 9,9
828: 9,3 ; 10,5
829: 9,3 ; 10,11
830: 9,3 ; 11,2
831: 9,3 ; 11,8
832: 9,6 ; 0,0
833: 9,6 ; 0,3
834: 9,6 ; 0,6
835: 9,6 ; 0,9
836: 9,6 ; 1,4
837: 9,6 ; 1,10
838: 9,6 ; 2,1
839: 9,6 ; 2,7
840: 9,6 ; 3,0
841: 9,6 ; 3,3
842: 9,6 ; 3,6
843: 9,6 ; 3,9
844: 9,6 ; 4,5
845: 9,6 ; 4,11
846: 9,6 ; 5,2
847: 9,6 ; 5,8
848: 9,6 ; 6,0
849: 9,6 ; 6,3
850: 9,6 ; 6,6
851: 9,6 ; 6,9
852: 9,6 ; 7,4
853: 9,6 ; 7,10
854: 9,6 ; 8,1
855: 9,6 ; 8,7
856: 9,6 ; 9,0
857: 9,6 ; 9,3
858: 9,6 ; 9,6
859: 9,6 ; 9,9
860: 9,6 ; 10,5
861: 9,6 ; 10,11
862: 9,6 ; 11,2
863: 9,6 ; 11,8
864: 9,9 ; 0,0
865: 9,9 ; 0,3
866: 9,9 ; 0,6
867: 9,9 ; 0,9
868: 9,9 ; 1,4
869: 9,9 ; 1,10
870: 9,9 ; 2,1
871: 9,9 ; 2,7
872: 9,9 ; 3,0
873: 9,9 ; 3,3
874: 9,9 ; 3,6
875: 9,9 ; 3,9
876: 9,9 ; 4,5
877: 9,9 ; 4,11
878: 9,9 ; 5,2
879: 9,9 ; 5,8
880: 9,9 ; 6,0
881: 9,9 ; 6,3
882: 9,9 ; 6,6
883: 9,9 ; 6,9
884: 9,9 ; 7,4
885: 9,9 ; 7,10
886: 9,9 ; 8,1
887: 9,9 ; 8,7
888: 9,9 ; 9,0
889: 9,9 ; 9,3
890: 9,9 ; 9,6
891: 9,9 ; 9,9
892: 9,9 ; 10,5
893: 9,9 ; 10,11
894: 9,9 ; 11,2
895: 9,9 ; 11,8
896: 10,5 ; 0,0
897: 10,5 ; 0,3
898: 10,5 ; 0,6
899: 10,5 ; 0,9
900: 10,5 ; 1,4
901: 10,5 ; 1,10
902: 10,5 ; 2,1
903: 10,5 ; 2,7
904: 10,5 ; 3,0
905: 10,5 ; 3,3
906: 10,5 ; 3,6
907: 10,5 ; 3,9
908: 10,5 ; 4,5
909: 10,5 ; 4,11
910: 10,5 ; 5,2
911: 10,5 ; 5,8
912: 10,5 ; 6,0
913: 10,5 ; 6,3
914: 10,5 ; 6,6
915: 10,5 ; 6,9
916: 10,5 ; 7,4
917: 10,5 ; 7,10
918: 10,5 ; 8,1
919: 10,5 ; 8,7
920: 10,5 ; 9,0
921: 10,5 ; 9,3
922: 10,5 ; 9,6
923: 10,5 ; 9,9
924: 10,5 ; 10,5
925: 10,5 ; 10,11
926: 10,5 ; 11,2
927: 10,5 ; 11,8
928: 10,11 ; 0,0
929: 10,11 ; 0,3
930: 10,11 ; 0,6
931: 10,11 ; 0,9
932: 10,11 ; 1,4
933: 10,11 ; 1,10
934: 10,11 ; 2,1
935: 10,11 ; 2,7
936: 10,11 ; 3,0
937: 10,11 ; 3,3
938: 10,11 ; 3,6
939: 10,11 ; 3,9
940: 10,11 ; 4,5
941: 10,11 ; 4,11
942: 10,11 ; 5,2
943: 10,11 ; 5,8
944: 10,11 ; 6,0
945: 10,11 ; 6,3
946: 10,11 ; 6,6
947: 10,11 ; 6,9
948: 10,11 ; 7,4
949: 10,11 ; 7,10
950: 10,11 ; 8,1
951: 10,11 ; 8,7
952: 10,11 ; 9,0
953: 10,11 ; 9,3
954: 10,11 ; 9,6
955: 10,11 ; 9,9
956: 10,11 ; 10,5
957: 10,11 ; 10,11
958: 10,11 ; 11,2
959: 10,11 ; 11,8
960: 11,2 ; 0,0
961: 11,2 ; 0,3
962: 11,2 ; 0,6
963: 11,2 ; 0,9
964: 11,2 ; 1,4
965: 11,2 ; 1,10
966: 11,2 ; 2,1
967: 11,2 ; 2,7
968: 11,2 ; 3,0
969: 11,2 ; 3,3
970: 11,2 ; 3,6
971: 11,2 ; 3,9
972: 11,2 ; 4,5
973: 11,2 ; 4,11
974: 11,2 ; 5,2
975: 11,2 ; 5,8
976: 11,2 ; 6,0
977: 11,2 ; 6,3
978: 11,2 ; 6,6
979: 11,2 ; 6,9
980: 11,2 ; 7,4
981: 11,2 ; 7,10
982: 11,2 ; 8,1
983: 11,2 ; 8,7
984: 11,2 ; 9,0
985: 11,2 ; 9,3
986: 11,2 ; 9,6
987: 11,2 ; 9,9
988: 11,2 ; 10,5
989: 11,2 ; 10,11
990: 11,2 ; 11,2
991: 11,2 ; 11,8
992: 11,8 ; 0,0
993: 11,8 ; 0,3
994: 11,8 ; 0,6
995: 11,8 ; 0,9
996: 11,8 ; 1,4
997: 11,8 ; 1,10
998: 11,8 ; 2,1
999: 11,8 ; 2,7
1000: 11,8 ; 3,0
1001: 11,8 ; 3,3
1002: 11,8 ; 3,6
1003: 11,8 ; 3,9
1004: 11,8 ; 4,5
1005: 11,8 ; 4,11
1006: 11,8 ; 5,2
1007: 11,8 ; 5,8
1008: 11,8 ; 6,0
1009: 11,8 ; 6,3
1010: 11,8 ; 6,6
1011: 11,8 ; 6,9
1012: 11,8 ; 7,4
1013: 11,8 ; 7,10
1014: 11,8 ; 8,1
1015: 11,8 ; 8,7
1016: 11,8 ; 9,0
1017: 11,8 ; 9,3
1018: 11,8 ; 9,6
1019: 11,8 ; 9,9
1020: 11,8 ; 10,5
1021: 11,8 ; 10,11
1022: 11,8 ; 11,2
1023: 11,8 ; 11,8
