# vertices of the finite torus cover E_N x E_N for m6: id: (p, q) integer coordinates
0: 0,0 ; 0,0
1: 0,0 ; 3,-3
2: 0,0 ; 3,4
3: 0,0 ; 3,6
4: 0,0 ; 4,1
5: 0,0 ; 5,-3
6: 0,0 ; 6,-6
7: 0,0 ; 6,0
8: 0,0 ; 6,3
9: 0,0 ; 6,6
10: 0,0 ; 6,12
11: 0,0 ; 7,9
12: 0,0 ; 8,5
13: 0,0 ; 9,-9
14: 0,0 ; 9,-2
15: 0,0 ; 9,0
16: 0,0 ; 9,2
17: 0,0 ; 9,9
18: 0,0 ; 9,16
19: 0,0 ; 9,18
20: 0,0 ; 10,-5
21: 0,0 ; 10,13
22: 0,0 ; 11,-9
23: 0,0 ; 11,9
24: 0,0 ; 12,-6
25: 0,0 ; 12,-3
26: 0,0 ; 12,0
27: 0,0 ; 12,6
28: 0,0 ; 12,12
29: 0,0 ; 12,15
30: 0,0 ; 12,18
31: 0,0 ; 13,3
32: 0,0 ; 13,21
33: 0,0 ; 14,-1
34: 0,0 ; 14,17
35: 0,0 ; 15,-4
36: 0,0 ; 15,3
37: 0,0 ; 15,10
38: 0,0 ; 15,12
39: 0,0 ; 15,14
40: 0,0 ; 16,7
41: 0,0 ; 17,3
42: 0,0 ; 18,6
43: 0,0 ; 18,9
44: 0,0 ; 18,12
45: 0,0 ; 19,15
46: 0,0 ; 20,11
47: 0,0 ; 21,8
48: 3,-3 ; 0,0
49: 3,-3 ; 3,-3
50: 3,-3 ; 3,4
51: 3,-3 ; 3,6
52: 3,-3 ; 4,1
53: 3,-3 ; 5,-3
54: 3,-3 ; 6,-6
55: 3,-3 ; 6,0
56: 3,-3 ; 6,3
57: 3,-3 ; 6,6
58: 3,-3 ; 6,12
59: 3,-3 ; 7,9
60: 3,-3 ; 8,5
61: 3,-3 ; 9,-9
62: 3,-3 ; 9,-2
63: 3,-3 ; 9,0
64: 3,-3 ; 9,2
65: 3,-3 ; 9,9
66: 3,-3 ; 9,16
67: 3,-3 ; 9,18
68: 3,-3 ; 10,-5
69: 3,-3 ; 10,13
70: 3,-3 ; 11,-9
71: 3,-3 ; 11,9
72: 3,-3 ; 12,-6
73: 3,-3 ; 12,-3
74: 3,-3 ; 12,0
75: 3,-3 ; 12,6
76: 3,-3 ; 12,12
77: 3,-3 ; 12,15
78: 3,-3 ; 12,18
79: 3,-3 ; 13,3
80: 3,-3 ; 13,21
81: 3,-3 ; 14,-1
82: 3,-3 ; 14,17
83: 3,-3 ; 15,-4
84: 3,-3 ; 15,3
85: 3,-3 ; 15,10
86: 3,-3 ; 15,12
87: 3,-3 ; 15,14
88: 3,-3 ; 16,7
89: 3,-3 ; 17,3
90: 3,-3 ; 18,6
91: 3,-3 ; 18,9
92: 3,-3 ; 18,12
93: 3,-3 ; 19,15
94: 3,-3 ; 20,11
95: 3,-3 ; 21,8
96: 3,4 ; 0,0
97: 3,4 ; 3,-3
98: 3,4 ; 3,4
99: 3,4 ; 3,6
100: 3,4 ; 4,1
101: 3,4 ; 5,-3
102: 3,4 ; 6,-6
103: 3,4 ; 6,0
104: 3,4 ; 6,3
105: 3,4 ; 6,6
106: 3,4 ; 6,12
107: 3,4 ; 7,9
108: 3,4 ; 8,5
109: 3,4 ; 9,-9
110: 3,4 ; 9,-2
111: 3,4 ; 9,0
112: 3,4 ; 9,2
113: 3,4 ; 9,9
114: 3,4 ; 9,16
115: 3,4 ; 9,18
116: 3,4 ; 10,-5
117: 3,4 ; 10,13
118: 3,4 ; 11,-9
119: 3,4 ; 11,9
120: 3,4 ; 12,-6
121: 3,4 ; 12,-3
122: 3,4 ; 12,0
123: 3,4 ; 12,6
124: 3,4 ; 12,12
125: 3,4 ; 12,15
126: 3,4 ; 12,18
127: 3,4 ; 13,3
128: 3,4 ; 13,21
129: 3,4 ; 14,-1
130: 3,4 ; 14,17
131: 3,4 ; 15,-4
132: 3,4 ; 15,3
133: 3,4 ; 15,10
134: 3,4 ; 15,12
135: 3,4 ; 15,14
136: 3,4 ; 16,7
137: 3,4 ; 17,3
138: 3,4 ; 18,6
139: 3,4 ; 18,9
140: 3,4 ; 18,12
141: 3,4 ; 19,15
142: 3,4 ; 20,11
143: 3,4 ; 21,8
144: 3,6 ; 0,0
145: 3,6 ; 3,-3
146: 3,6 ; 3,4
147: 3,6 ; 3,6
148: 3,6 ; 4,1
149: 3,6 ; 5,-3
150: 3,6 ; 6,-6
151: 3,6 ; 6,0
152: 3,6 ; 6,3
153: 3,6 ; 6,6
154: 3,6 ; 6,12
155: 3,6 ; 7,9
156: 3,6 ; 8,5
157: 3,6 ; 9,-9
158: 3,6 ; 9,-2
159: 3,6 ; 9,0
160: 3,6 ; 9,2
161: 3,6 ; 9,9
162: 3,6 ; 9,16
163: 3,6 ; 9,18
164: 3,6 ; 10,-5
165: 3,6 ; 10,13
166: 3,6 ; 11,-9
167: 3,6 ; 11,9
168: 3,6 ; 12,-6
169: 3,6 ; 12,-3
170: 3,6 ; 12,0
171: 3,6 ; 12,6
172: 3,6 ; 12,12
173: 3,6 ; 12,15
174: 3,6 ; 12,18
175: 3,6 ; 13,3
176: 3,6 ; 13,21
177: 3,6 ; 14,-1
178: 3,6 ; 14,17
179: 3,6 ; 15,-4
180: 3,6 ; 15,3
181: 3,6 ; 15,10
182: 3,6 ; 15,12
183: 3,6 ; 15,14
184: 3,6 ; 16,7
185: 3,6 ; 17,3
186: 3,6 ; 18,6
187: 3,6 ; 18,9
188: 3,6 ; 18,12
189: 3,6 ; 19,15
190: 3,6 ; 20,11
191: 3,6 ; 21,8
192: 4,1 ; 0,0
193: 4,1 ; 3,-3
194: 4,1 ; 3,4
195: 4,1 ; 3,6
196: 4,1 ; 4,1
197: 4,1 ; 5,-3
198: 4,1 ; 6,-6
199: 4,1 ; 6,0
200: 4,1 ; 6,3
201: 4,1 ; 6,6
202: 4,1 ; 6,12
203: 4,1 ; 7,9
204: 4,1 ; 8,5
205: 4,1 ; 9,-9
206: 4,1 ; 9,-2
207: 4,1 ; 9,0
208: 4,1 ; 9,2
209: 4,1 ; 9,9
210: 4,1 ; 9,16
211: 4,1 ; 9,18
212: 4,1 ; 10,-5
213: 4,1 ; 10,13
214: 4,1 ; 11,-9
215: 4,1 ; 11,9
216: 4,1 ; 12,-6
217: 4,1 ; 12,-3
218: 4,1 ; 12,0
219: 4,1 ; 12,6
220: 4,1 ; 12,12
221: 4,1 ; 12,15
222: 4,1 ; 12,18
223: 4,1 ; 13,3
224: 4,1 ; 13,21
225: 4,1 ; 14,-1
226: 4,1 ; 14,17
227: 4,1 ; 15,-4
228: 4,1 ; 15,3
229: 4,1 ; 15,10
230: 4,1 ; 15,12
231: 4,1 ; 15,14
232: 4,1 ; 16,7
233: 4,1 ; 17,3
234: 4,1 ; 18,6
235: 4,1 ; 18,9
236: 4,1 ; 18,12
237: 4,1 ; 19,15
238: 4,1 ; 20,11
239: 4,1 ; 21,8
240: 5,-3 ; 0,0
241: 5,-3 ; 3,-3
242: 5,-3 ; 3,4
243: 5,-3 ; 3,6
244: 5,-3 ; 4,1
245: 5,-3 ; 5,-3
246: 5,-3 ; 6,-6
247: 5,-3 ; 6,0
248: 5,-3 ; 6,3
249: 5,-3 ; 6,6
250: 5,-3 ; 6,12
251: 5,-3 ; 7,9
252: 5,-3 ; 8,5
253: 5,-3 ; 9,-9
254: 5,-3 ; 9,-2
255: 5,-3 ; 9,0
256: 5,-3 ; 9,2
257: 5,-3 ; 9,9
258: 5,-3 ; 9,16
259: 5,-3 ; 9,18
260: 5,-3 ; 10,-5
261: 5,-3 ; 10,13
262: 5,-3 ; 11,-9
263: 5,-3 ; 11,9
264: 5,-3 ; 12,-6
265: 5,-3 ; 12,-3
266: 5,-3 ; 12,0
267: 5,-3 ; 12,6
268: 5,-3 ; 12,12
269: 5,-3 ; 12,15
270: 5,-3 ; 12,18
271: 5,-3 ; 13,3
272: 5,-3 ; 13,21
273: 5,-3 ; 14,-1
274: 5,-3 ; 14,17
275: 5,-3 ; 15,-4
276: 5,-3 ; 15,3
277: 5,-3 ; 15,10
278: 5,-3 ; 15,12
279: 5,-3 ; 15,14
280: 5,-3 ; 16,7
281: 5,-3 ; 17,3
282: 5,-3 ; 18,6
283: 5,-3 ; 18,9
284: 5,-3 ; 18,12
285: 5,-3 ; 19,15
286: 5,-3 ; 20,11
287: 5,-3 ; 21,8
288: 6,-6 ; 0,0
289: 6,-6 ; 3,-3
290: 6,-6 ; 3,4
291: 6,-6 ; 3,6
292: 6,-6 ; 4,1
293: 6,-6 ; 5,-3
294: 6,-6 ; 6,-6
295: 6,-6 ; 6,0
296: 6,-6 ; 6,3
297: 6,-6 ; 6,6
298: 6,-6 ; 6,12
299: 6,-6 ; 7,9
300: 6,-6 ; 8,5
301: 6,-6 ; 9,-9
302: 6,-6 ; 9,-2
303: 6,-6 ; 9,0
304: 6,-6 ; 9,2
305: 6,-6 ; 9,9
306: 6,-6 ; 9,16
307: 6,-6 ; 9,18
308: 6,-6 ; 10,-5
309: 6,-6 ; 10,13
310: 6,-6 ; 11,-9
311: 6,-6 ; 11,9
312: 6,-6 ; 12,-6
313: 6,-6 ; 12,-3
314: 6,-6 ; 12,0
315: 6,-6 ; 12,6
316: 6,-6 ; 12,12
317: 6,-6 ; 12,15
318: 6,-6 ; 12,18
319: 6,-6 ; 13,3
320: 6,-6 ; 13,21
321: 6,-6 ; 14,-1
322: 6,-6 ; 14,17
323: 6,-6 ; 15,-4
324: 6,-6 ; 15,3
325: 6,-6 ; 15,10
326: 6,-6 ; 15,12
327: 6,-6 ; 15,14
328: 6,-6 ; 16,7
329: 6,-6 ; 17,3
330: 6,-6 ; 18,6
331: 6,-6 ; 18,9
332: 6,-6 ; 18,12
333: 6,-6 ; 19,15
334: 6,-6 ; 20,11
335: 6,-6 ; 21,8
336: 6,0 ; 0,0
337: 6,0 ; 3,-3
338: 6,0 ; 3,4
339: 6,0 ; 3,6
340: 6,0 ; 4,1
341: 6,0 ; 5,-3
342: 6,0 ; 6,-6
343: 6,0 ; 6,0
344: 6,0 ; 6,3
345: 6,0 ; 6,6
346: 6,0 ; 6,12
347: 6,0 ; 7,9
348: 6,0 ; 8,5
349: 6,0 ; 9,-9
350: 6,0 ; 9,-2
351: 6,0 ; 9,0
352: 6,0 ; 9,2
353: 6,0 ; 9,9
354: 6,0 ; 9,16
355: 6,0 ; 9,18
356: 6,0 ; 10,-5
357: 6,0 ; 10,13
358: 6,0 ; 11,-9
359: 6,0 ; 11,9
360: 6,0 ; 12,-6
361: 6,0 ; 12,-3
362: 6,0 ; 12,0
363: 6,0 ; 12,6
364: 6,0 ; 12,12
365: 6,0 ; 12,15
366: 6,0 ; 12,18
367: 6,0 ; 13,3
368: 6,0 ; 13,21
369: 6,0 ; 14,-1
370: 6,0 ; 14,17
371: 6,0 ; 15,-4
372: 6,0 ; 15,3
373: 6,0 ; 15,10
374: 6,0 ; 15,12
375: 6,0 ; 15,14
376: 6,0 ; 16,7
377: 6,0 ; 17,3
378: 6,0 ; 18,6
379: 6,0 ; 18,9
380: 6,0 ; 18,12
381: 6,0 ; 19,15
382: 6,0 ; 20,11
383: 6,0 ; 21,8
384: 6,3 ; 0,0
385: 6,3 ; 3,-3
386: 6,3 ; 3,4
387: 6,3 ; 3,6
388: 6,3 ; 4,1
389: 6,3 ; 5,-3
390: 6,3 ; 6,-6
391: 6,3 ; 6,0
392: 6,3 ; 6,3
393: 6,3 ; 6,6
394: 6,3 ; 6,12
395: 6,3 ; 7,9
396: 6,3 ; 8,5
397: 6,3 ; 9,-9
398: 6,3 ; 9,-2
399: 6,3 ; 9,0
400: 6,3 ; 9,2
401: 6,3 ; 9,9
402: 6,3 ; 9,16
403: 6,3 ; 9,18
404: 6,3 ; 10,-5
405: 6,3 ; 10,13
406: 6,3 ; 11,-9
407: 6,3 ; 11,9
408: 6,3 ; 12,-6
409: 6,3 ; 12,-3
410: 6,3 ; 12,0
411: 6,3 ; 12,6
412: 6,3 ; 12,12
413: 6,3 ; 12,15
414: 6,3 ; 12,18
415: 6,3 ; 13,3
416: 6,3 ; 13,21
417: 6,3 ; 14,-1
418: 6,3 ; 14,17
419: 6,3 ; 15,-4
420: 6,3 ; 15,3
421: 6,3 ; 15,10
422: 6,3 ; 15,12
423: 6,3 ; 15,14
424: 6,3 ; 16,7
425: 6,3 ; 17,3
426: 6,3 ; 18,6
427: 6,3 ; 18,9
428: 6,3 ; 18,12
429: 6,3 ; 19,15
430: 6,3 ; 20,11
431: 6,3 ; 21,8
432: 6,6 ; 0,0
433: 6,6 ; 3,-3
434: 6,6 ; 3,4
435: 6,6 ; 3,6
436: 6,6 ; 4,1
437: 6,6 ; 5,-3
438: 6,6 ; 6,-6
439: 6,6 ; 6,0
440: 6,6 ; 6,3
441: 6,6 ; 6,6
442: 6,6 ; 6,12
443: 6,6 ; 7,9
444: 6,6 ; 8,5
445: 6,6 ; 9,-9
446: 6,6 ; 9,-2
447: 6,6 ; 9,0
448: 6,6 ; 9,2
449: 6,6 ; 9,9
450: 6,6 ; 9,16
451: 6,6 ; 9,18
452: 6,6 ; 10,-5
453: 6,6 ; 10,13
454: 6,6 ; 11,-9
455: 6,6 ; 11,9
456: 6,6 ; 12,-6
457: 6,6 ; 12,-3
458: 6,6 ; 12,0
459: 6,6 ; 12,6
460: 6,6 ; 12,12
461: 6,6 ; 12,15
462: 6,6 ; 12,18
463: 6,6 ; 13,3
464: 6,6 ; 13,21
465: 6,6 ; 14,-1
466: 6,6 ; 14,17
467: 6,6 ; 15,-4
468: 6,6 ; 15,3
469: 6,6 ; 15,10
470: 6,6 ; 15,12
471: 6,6 ; 15,14
472: 6,6 ; 16,7
473: 6,6 ; 17,3
474: 6,6 ; 18,6
475: 6,6 ; 18,9
476: 6,6 ; 18,12
477: 6,6 ; 19,15
478: 6,6 ; 20,11
479: 6,6 ; 21,8
480: 6,12 ; 0,0
481: 6,12 ; 3,-3
482: 6,12 ; 3,4
483: 6,12 ; 3,6
484: 6,12 ; 4,1
485: 6,12 ; 5,-3
486: 6,12 ; 6,-6
487: 6,12 ; 6,0
488: 6,12 ; 6,3
489: 6,12 ; 6,6
490: 6,12 ; 6,12
491: 6,12 ; 7,9
492: 6,12 ; 8,5
493: 6,12 ; 9,-9
494: 6,12 ; 9,-2
495: 6,12 ; 9,0
496: 6,12 ; 9,2
497: 6,12 ; 9,9
498: 6,12 ; 9,16
499: 6,12 ; 9,18
500: 6,12 ; 10,-5
501: 6,12 ; 10,13
502: 6,12 ; 11,-9
503: 6,12 ; 11,9
504: 6,12 ; 12,-6
505: 6,12 ; 12,-3
506: 6,12 ; 12,0
507: 6,12 ; 12,6
508: 6,12 ; 12,12
509: 6,12 ; 12,15
510: 6,12 ; 12,18
511: 6,12 ; 13,3
512: 6,12 ; 13,21
513: 6,12 ; 14,-1
514: 6,12 ; 14,17
515: 6,12 ; 15,-4
516: 6,12 ; 15,3
517: 6,12 ; 15,10
518: 6,12 ; 15,12
519: 6,12 ; 15,14
520: 6,12 ; 16,7
521: 6,12 ; 17,3
522: 6,12 ; 18,6
523: 6,12 ; 18,9
524: 6,12 ; 18,12
525: 6,12 ; 19,15
526: 6,12 ; 20,11
527: 6,12 ; 21,8
528: 7,9 ; 0,0
529: 7,9 ; 3,-3
530: 7,9 ; 3,4
531: 7,9 ; 3,6
532: 7,9 ; 4,1
533: 7,9 ; 5,-3
534: 7,9 ; 6,-6
535: 7,9 ; 6,0
536: 7,9 ; 6,3
537: 7,9 ; 6,6
538: 7,9 ; 6,12
539: 7,9 ; 7,9
540: 7,9 ; 8,5
541: 7,9 ; 9,-9
542: 7,9 ; 9,-2
543: 7,9 ; 9,0
544: 7,9 ; 9,2
545: 7,9 ; 9,9
546: 7,9 ; 9,16
547: 7,9 ; 9,18
548: 7,9 ; 10,-5
549: 7,9 ; 10,13
550: 7,9 ; 11,-9
551: 7,9 ; 11,9
552: 7,9 ; 12,-6
553: 7,9 ; 12,-3
554: 7,9 ; 12,0
555: 7,9 ; 12,6
556: 7,9 ; 12,12
557: 7,9 ; 12,15
558: 7,9 ; 12,18
559: 7,9 ; 13,3
560: 7,9 ; 13,21
561: 7,9 ; 14,-1
562: 7,9 ; 14,17
563: 7,9 ; 15,-4
564: 7,9 ; 15,3
565: 7,9 ; 15,10
566: 7,9 ; 15,12
567: 7,9 ; 15,14
568: 7,9 ; 16,7
569: 7,9 ; 17,3
570: 7,9 ; 18,6
571: 7,9 ; 18,9
572: 7,9 ; 18,12
573: 7,9 ; 19,15
574: 7,9 ; 20,11
575: 7,9 ; 21,8
576: 8,5 ; 0,0
577: 8,5 ; 3,-3
578: 8,5 ; 3,4
579: 8,5 ; 3,6
580: 8,5 ; 4,1
581: 8,5 ; 5,-3
582: 8,5 ; 6,-6
583: 8,5 ; 6,0
584: 8,5 ; 6,3
585: 8,5 ; 6,6
586: 8,5 ; 6,12
587: 8,5 ; 7,9
588: 8,5 ; 8,5
589: 8,5 ; 9,-9
590: 8,5 ; 9,-2
591: 8,5 ; 9,0
592: 8,5 ; 9,2
593: 8,5 ; 9,9
594: 8,5 ; 9,16
595: 8,5 ; 9,18
596: 8,5 ; 10,-5
597: 8,5 ; 10,13
598: 8,5 ; 11,-9
599: 8,5 ; 11,9
600: 8,5 ; 12,-6
601: 8,5 ; 12,-3
602: 8,5 ; 12,0
603: 8,5 ; 12,6
604: 8,5 ; 12,12
605: 8,5 ; 12,15
606: 8,5 ; 12,18
607: 8,5 ; 13,3
608: 8,5 ; 13,21
609: 8,5 ; 14,-1
610: 8,5 ; 14,17
611: 8,5 ; 15,-4
612: 8,5 ; 15,3
613: 8,5 ; 15,10
614: 8,5 ; 15,12
615: 8,5 ; 15,14
616: 8,5 ; 16,7
617: 8,5 ; 17,3
618: 8,5 ; 18,6
619: 8,5 ; 18,9
620: 8,5 ; 18,12
621: 8,5 ; 19,15
622: 8,5 ; 20,11
623: 8,5 ; 21,8
624: 9,-9 ; 0,0
625: 9,-9 ; 3,-3
626: 9,-9 ; 3,4
627: 9,-9 ; 3,6
628: 9,-9 ; 4,1
629: 9,-9 ; 5,-3
630: 9,-9 ; 6,-6
631: 9,-9 ; 6,0
632: 9,-9 ; 6,3
633: 9,-9 ; 6,6
634: 9,-9 ; 6,12
635: 9,-9 ; 7,9
636: 9,-9 ; 8,5
637: 9,-9 ; 9,-9
638: 9,-9 ; 9,-2
639: 9,-9 ; 9,0
640: 9,-9 ; 9,2
641: 9,-9 ; 9,9
642: 9,-9 ; 9,16
643: 9,-9 ; 9,18
644: 9,-9 ; 10,-5
645: 9,-9 ; 10,13
646: 9,-9 ; 11,-9
647: 9,-9 ; 11,9
648: 9,-9 ; 12,-6
649: 9,-9 ; 12,-3
650: 9,-9 ; 12,0
651: 9,-9 ; 12,6
652: 9,-9 ; 12,12
653: 9,-9 ; 12,15
654: 9,-9 ; 12,18
655: 9,-9 ; 13,3
656: 9,-9 ; 13,21
657: 9,-9 ; 14,-1
658: 9,-9 ; 14,17
659: 9,-9 ; 15,-4
660: 9,-9 ; 15,3
661: 9,-9 ; 15,10
662: 9,-9 ; 15,12
663: 9,-9 ; 15,14
664: 9,-9 ; 16,7
665: 9,-9 ; 17,3
666: 9,-9 ; 18,6
667: 9,-9 ; 18,9
668: 9,-9 ; 18,12
669: 9,-9 ; 19,15
670: 9,-9 ; 20,11
671: 9,-9 ; 21,8
672: 9,-2 ; 0,0
673: 9,-2 ; 3,-3
674: 9,-2 ; 3,4
675: 9,-2 ; 3,6
676: 9,-2 ; 4,1
677: 9,-2 ; 5,-3
678: 9,-2 ; 6,-6
679: 9,-2 ; 6,0
680: 9,-2 ; 6,3
681: 9,-2 ; 6,6
682: 9,-2 ; 6,12
683: 9,-2 ; 7,9
684: 9,-2 ; 8,5
685: 9,-2 ; 9,-9
686: 9,-2 ; 9,-2
687: 9,-2 ; 9,0
688: 9,-2 ; 9,2
689: 9,-2 ; 9,9
690: 9,-2 ; 9,16
691: 9,-2 ; 9,18
692: 9,-2 ; 10,-5
693: 9,-2 ; 10,13
694: 9,-2 ; 11,-9
695: 9,-2 ; 11,9
696: 9,-2 ; 12,-6
697: 9,-2 ; 12,-3
698: 9,-2 ; 12,0
699: 9,-2 ; 12,6
700: 9,-2 ; 12,12
701: 9,-2 ; 12,15
702: 9,-2 ; 12,18
703: 9,-2 ; 13,3
704: 9,-2 ; 13,21
705: 9,-2 ; 14,-1
706: 9,-2 ; 14,17
707: 9,-2 ; 15,-4
708: 9,-2 ; 15,3
709: 9,-2 ; 15,10
710: 9,-2 ; 15,12
711: 9,-2 ; 15,14
712: 9,-2 ; 16,7
713: 9,-2 ; 17,3
714: 9,-2 ; 18,6
715: 9,-2 ; 18,9
716: 9,-2 ; 18,12
717: 9,-2 ; 19,15
718: 9,-2 ; 20,11
719: 9,-2 ; 21,8
720: 9,0 ; 0,0
721: 9,0 ; 3,-3
722: 9,0 ; 3,4
723: 9,0 ; 3,6
724: 9,0 ; 4,1
725: 9,0 ; 5,-3
726: 9,0 ; 6,-6
727: 9,0 ; 6,0
728: 9,0 ; 6,3
729: 9,0 ; 6,6
730: 9,0 ; 6,12
731: 9,0 ; 7,9
732: 9,0 ; 8,5
733: 9,0 ; 9,-9
734: 9,0 ; 9,-2
735: 9,0 ; 9,0
736: 9,0 ; 9,2
737: 9,0 ; 9,9
738: 9,0 ; 9,16
739: 9,0 ; 9,18
740: 9,0 ; 10,-5
741: 9,0 ; 10,13
742: 9,0 ; 11,-9
743: 9,0 ; 11,9
744: 9,0 ; 12,-6
745: 9,0 ; 12,-3
746: 9,0 ; 12,0
747: 9,0 ; 12,6
748: 9,0 ; 12,12
749: 9,0 ; 12,15
750: 9,0 ; 12,18
751: 9,0 ; 13,3
752: 9,0 ; 13,21
753: 9,0 ; 14,-1
754: 9,0 ; 14,17
755: 9,0 ; 15,-4
756: 9,0 ; 15,3
757: 9,0 ; 15,10
758: 9,0 ; 15,12
759: 9,0 ; 15,14
760: 9,0 ; 16,7
761: 9,0 ; 17,3
762: 9,0 ; 18,6
763: 9,0 ; 18,9
764: 9,0 ; 18,12
765: 9,0 ; 19,15
766: 9,0 ; 20,11
767: 9,0 ; 21,8
768: 9,2 ; 0,0
769: 9,2 ; 3,-3
770: 9,2 ; 3,4
771: 9,2 ; 3,6
772: 9,2 ; 4,1
773: 9,2 ; 5,-3
774: 9,2 ; 6,-6
775: 9,2 ; 6,0
776: 9,2 ; 6,3
777: 9,2 ; 6,6
778: 9,2 ; 6,12
779: 9,2 ; 7,9
780: 9,2 ; 8,5
781: 9,2 ; 9,-9
782: 9,2 ; 9,-2
783: 9,2 ; 9,0
784: 9,2 ; 9,2
785: 9,2 ; 9,9
786: 9,2 ; 9,16
787: 9,2 ; 9,18
788: 9,2 ; 10,-5
789: 9,2 ; 10,13
790: 9,2 ; 11,-9
791: 9,2 ; 11,9
792: 9,2 ; 12,-6
793: 9,2 ; 12,-3
794: 9,2 ; 12,0
795: 9,2 ; 12,6
796: 9,2 ; 12,12
797: 9,2 ; 12,15
798: 9,2 ; 12,18
799: 9,2 ; 13,3
800: 9,2 ; 13,21
801: 9,2 ; 14,-1
802: 9,2 ; 14,17
803: 9,2 ; 15,-4
804: 9,2 ; 15,3
805: 9,2 ; 15,10
806: 9,2 ; 15,12
807: 9,2 ; 15,14
808: 9,2 ; 16,7
809: 9,2 ; 17,3
810: 9,2 ; 18,6
811: 9,2 ; 18,9
812: 9,2 ; 18,12
813: 9,2 ; 19,15
814: 9,2 ; 20,11
815: 9,2 ; 21,8
816: 9,9 ; 0,0
817: 9,9 ; 3,-3
818: 9,9 ; 3,4
819: 9,9 ; 3,6
820: 9,9 ; 4,1
821: 9,9 ; 5,-3
822: 9,9 ; 6,-6
823: 9,9 ; 6,0
824: 9,9 ; 6,3
825: 9,9 ; 6,6
826: 9,9 ; 6,12
827: 9,9 ; 7,9
828: 9,9 ; 8,5
829: 9,9 ; 9,-9
830: 9,9 ; 9,-2
831: 9,9 ; 9,0
832: 9,9 ; 9,2
833: 9,9 ; 9,9
834: 9,9 ; 9,16
835: 9,9 ; 9,18
836: 9,9 ; 10,-5
837: 9,9 ; 10,13
838: 9,9 ; 11,-9
839: 9,9 ; 11,9
840: 9,9 ; 12,-6
841: 9,9 ; 12,-3
842: 9,9 ; 12,0
843: 9,9 ; 12,6
844: 9,9 ; 12,12
845: 9,9 ; 12,15
846: 9,9 ; 12,18
847: 9,9 ; 13,3
848: 9,9 ; 13,21
849: 9,9 ; 14,-1
850: 9,9 ; 14,17
851: 9,9 ; 15,-4
852: 9,9 ; 15,3
853: 9,9 ; 15,10
854: 9,9 ; 15,12
855: 9,9 ; 15,14
856: 9,9 ; 16,7
857: 9,9 ; 17,3
858: 9,9 ; 18,6
859: 9,9 ; 18,9
860: 9,9 ; 18,12
861: 9,9 ; 19,15
862: 9,9 ; 20,11
863: 9,9 ; 21,8
864: 9,16 ; 0,0
865: 9,16 ; 3,-3
866: 9,16 ; 3,4
867: 9,16 ; 3,6
868: 9,16 ; 4,1
869: 9,16 ; 5,-3
870: 9,16 ; 6,-6
871: 9,16 ; 6,0
872: 9,16 ; 6,3
873: 9,16 ; 6,6
874: 9,16 ; 6,12
875: 9,16 ; 7,9
876: 9,16 ; 8,5
877: 9,16 ; 9,-9
878: 9,16 ; 9,-2
879: 9,16 ; 9,0
880: 9,16 ; 9,2
881: 9,16 ; 9,9
882: 9,16 ; 9,16
883: 9,16 ; 9,18
884: 9,16 ; 10,-5
885: 9,16 ; 10,13
886: 9,16 ; 11,-9
887: 9,16 ; 11,9
888: 9,16 ; 12,-6
889: 9,16 ; 12,-3
890: 9,16 ; 12,0
891: 9,16 ; 12,6
892: 9,16 ; 12,12
893: 9,16 ; 12,15
894: 9,16 ; 12,18
895: 9,16 ; 13,3
896: 9,16 ; 13,21
897: 9,16 ; 14,-1
898: 9,16 ; 14,17
899: 9,16 ; 15,-4
900: 9,16 ; 15,3
901: 9,16 ; 15,10
902: 9,16 ; 15,12
903: 9,16 ; 15,14
904: 9,16 ; 16,7
905: 9,16 ; 17,3
906: 9,16 ; 18,6
907: 9,16 ; 18,9
908: 9,16 ; 18,12
909: 9,16 ; 19,15
910: 9,16 ; 20,11
911: 9,16 ; 21,8
912: 9,18 ; 0,0
913: 9,18 ; 3,-3
914: 9,18 ; 3,4
915: 9,18 ; 3,6
916: 9,18 ; 4,1
917: 9,18 ; 5,-3
918: 9,18 ; 6,-6
919: 9,18 ; 6,0
920: 9,18 ; 6,3
921: 9,18 ; 6,6
922: 9,18 ; 6,12
923: 9,18 ; 7,9
924: 9,18 ; 8,5
925: 9,18 ; 9,-9
926: 9,18 ; 9,-2
927: 9,18 ; 9,0
928: 9,18 ; 9,2
929: 9,18 ; 9,9
930: 9,18 ; 9,16
931: 9,18 ; 9,18
932: 9,18 ; 10,-5
933: 9,18 ; 10,13
934: 9,18 ; 11,-9
935: 9,18 ; 11,9
936: 9,18 ; 12,-6
937: 9,18 ; 12,-3
938: 9,18 ; 12,0
939: 9,18 ; 12,6
940: 9,18 ; 12,12
941: 9,18 ; 12,15
942: 9,18 ; 12,18
943: 9,18 ; 13,3
944: 9,18 ; 13,21
945: 9,18 ; 14,-1
946: 9,18 ; 14,17
947: 9,18 ; 15,-4
948: 9,18 ; 15,3
949: 9,18 ; 15,10
950: 9,18 ; 15,12
951: 9,18 ; 15,14
952: 9,18 ; 16,7
953: 9,18 ; 17,3
954: 9,18 ; 18,6
955: 9,18 ; 18,9
956: 9,18 ; 18,12
957: 9,18 ; 19,15
958: 9,18 ; 20,11
959: 9,18 ; 21,8
960: 10,-5 ; 0,0
961: 10,-5 ; 3,-3
962: 10,-5 ; 3,4
963: 10,-5 ; 3,6
964: 10,-5 ; 4,1
965: 10,-5 ; 5,-3
966: 10,-5 ; 6,-6
967: 10,-5 ; 6,0
968: 10,-5 ; 6,3
969: 10,-5 ; 6,6
970: 10,-5 ; 6,12
971: 10,-5 ; 7,9
972: 10,-5 ; 8,5
973: 10,-5 ; 9,-9
974: 10,-5 ; 9,-2
975: 10,-5 ; 9,0
976: 10,-5 ; 9,2
977: 10,-5 ; 9,9
978: 10,-5 ; 9,16
979: 10,-5 ; 9,18
980: 10,-5 ; 10,-5
981: 10,-5 ; 10,13
982: 10,-5 ; 11,-9
983: 10,-5 ; 11,9
984: 10,-5 ; 12,-6
985: 10,-5 ; 12,-3
986: 10,-5 ; 12,0
987: 10,-5 ; 12,6
988: 10,-5 ; 12,12
989: 10,-5 ; 12,15
990: 10,-5 ; 12,18
991: 10,-5 ; 13,3
992: 10,-5 ; 13,21
993: 10,-5 ; 14,-1
994: 10,-5 ; 14,17
995: 10,-5 ; 15,-4
996: 10,-5 ; 15,3
997: 10,-5 ; 15,10
998: 10,-5 ; 15,12
999: 10,-5 ; 15,14
1000: 10,-5 ; 16,7
1001: 10,-5 ; 17,3
1002: 10,-5 ; 18,6
1003: 10,-5 ; 18,9
1004: 10,-5 ; 18,12
1005: 10,-5 ; 19,15
1006: 10,-5 ; 20,11
1007: 10,-5 ; 21,8
1008: 10,13 ; 0,0
1009: 10,13 ; 3,-3
1010: 10,13 ; 3,4
1011: 10,13 ; 3,6
1012: 10,13 ; 4,1
1013: 10,13 ; 5,-3
1014: 10,13 ; 6,-6
1015: 10,13 ; 6,0
1016: 10,13 ; 6,3
1017: 10,13 ; 6,6
1018: 10,13 ; 6,12
1019: 10,13 ; 7,9
1020: 10,13 ; 8,5
1021: 10,13 ; 9,-9
1022: 10,13 ; 9,-2
1023: 10,13 ; 9,0
1024: 10,13 ; 9,2
1025: 10,13 ; 9,9
1026: 10,13 ; 9,16
1027: 10,13 ; 9,18
1028: 10,13 ; 10,-5
1029: 10,13 ; 10,13
1030: 10,13 ; 11,-9
1031: 10,13 ; 11,9
1032: 10,13 ; 12,-6
1033: 10,13 ; 12,-3
1034: 10,13 ; 12,0
1035: 10,13 ; 12,6
1036: 10,13 ; 12,12
1037: 10,13 ; 12,15
1038: 10,13 ; 12,18
1039: 10,13 ; 13,3
1040: 10,13 ; 13,21
1041: 10,13 ; 14,-1
1042: 10,13 ; 14,17
1043: 10,13 ; 15,-4
1044: 10,13 ; 15,3
1045: 10,13 ; 15,10
1046: 10,13 ; 15,12
1047: 10,13 ; 15,14
1048: 10,13 ; 16,7
1049: 10,13 ; 17,3
1050: 10,13 ; 18,6
1051: 10,13 ; 18,9
1052: 10,13 ; 18,12
1053: 10,13 ; 19,15
1054: 10,13 ; 20,11
1055: 10,13 ; 21,8
1056: 11,-9 ; 0,0
1057: 11,-9 ; 3,-3
1058: 11,-9 ; 3,4
1059: 11,-9 ; 3,6
1060: 11,-9 ; 4,1
1061: 11,-9 ; 5,-3
1062: 11,-9 ; 6,-6
1063: 11,-9 ; 6,0
1064: 11,-9 ; 6,3
1065: 11,-9 ; 6,6
1066: 11,-9 ; 6,12
1067: 11,-9 ; 7,9
1068: 11,-9 ; 8,5
1069: 11,-9 ; 9,-9
1070: 11,-9 ; 9,-2
1071: 11,-9 ; 9,0
1072: 11,-9 ; 9,2
1073: 11,-9 ; 9,9
1074: 11,-9 ; 9,16
1075: 11,-9 ; 9,18
1076: 11,-9 ; 10,-5
1077: 11,-9 ; 10,13
1078: 11,-9 ; 11,-9
1079: 11,-9 ; 11,9
1080: 11,-9 ; 12,-6
1081: 11,-9 ; 12,-3
1082: 11,-9 ; 12,0
1083: 11,-9 ; 12,6
1084: 11,-9 ; 12,12
1085: 11,-9 ; 12,15
1086: 11,-9 ; 12,18
1087: 11,-9 ; 13,3
1088: 11,-9 ; 13,21
1089: 11,-9 ; 14,-1
1090: 11,-9 ; 14,17
1091: 11,-9 ; 15,-4
1092: 11,-9 ; 15,3
1093: 11,-9 ; 15,10
1094: 11,-9 ; 15,12
1095: 11,-9 ; 15,14
1096: 11,-9 ; 16,7
1097: 11,-9 ; 17,3
1098: 11,-9 ; 18,6
1099: 11,-9 ; 18,9
1100: 11,-9 ; 18,12
1101: 11,-9 ; 19,15
1102: 11,-9 ; 20,11
1103: 11,-9 ; 21,8
1104: 11,9 ; 0,0
1105: 11,9 ; 3,-3
1106: 11,9 ; 3,4
1107: 11,9 ; 3,6
1108: 11,9 ; 4,1
1109: 11,9 ; 5,-3
1110: 11,9 ; 6,-6
1111: 11,9 ; 6,0
1112: 11,9 ; 6,3
1113: 11,9 ; 6,6
1114: 11,9 ; 6,12
1115: 11,9 ; 7,9
1116: 11,9 ; 8,5
1117: 11,9 ; 9,-9
1118: 11,9 ; 9,-2
1119: 11,9 ; 9,0
1120: 11,9 ; 9,2
1121: 11,9 ; 9,9
1122: 11,9 ; 9,16
1123: 11,9 ; 9,18
1124: 11,9 ; 10,-5
1125: 11,9 ; 10,13
1126: 11,9 ; 11,-9
1127: 11,9 ; 11,9
1128: 11,9 ; 12,-6
1129: 11,9 ; 12,-3
1130: 11,9 ; 12,0
1131: 11,9 ; 12,6
1132: 11,9 ; 12,12
1133: 11,9 ; 12,15
1134: 11,9 ; 12,18
1135: 11,9 ; 13,3
1136: 11,9 ; 13,21
1137: 11,9 ; 14,-1
1138: 11,9 ; 14,17
1139: 11,9 ; 15,-4
1140: 11,9 ; 15,3
1141: 11,9 ; 15,10
1142: 11,9 ; 15,12
1143: 11,9 ; 15,14
1144: 11,9 ; 16,7
1145: 11,9 ; 17,3
1146: 11,9 ; 18,6
1147: 11,9 ; 18,9
1148: 11,9 ; 18,12
1149: 11,9 ; 19,15
1150: 11,9 ; 20,11
1151: 11,9 ; 21,8
1152: 12,-6 ; 0,0
1153: 12,-6 ; 3,-3
1154: 12,-6 ; 3,4
1155: 12,-6 ; 3,6
1156: 12,-6 ; 4,1
1157: 12,-6 ; 5,-3
1158: 12,-6 ; 6,-6
1159: 12,-6 ; 6,0
1160: 12,-6 ; 6,3
1161: 12,-6 ; 6,6
1162: 12,-6 ; 6,12
1163: 12,-6 ; 7,9
1164: 12,-6 ; 8,5
1165: 12,-6 ; 9,-9
1166: 12,-6 ; 9,-2
1167: 12,-6 ; 9,0
1168: 12,-6 ; 9,2
1169: 12,-6 ; 9,9
1170: 12,-6 ; 9,16
1171: 12,-6 ; 9,18
1172: 12,-6 ; 10,-5
1173: 12,-6 ; 10,13
1174: 12,-6 ; 11,-9
1175: 12,-6 ; 11,9
1176: 12,-6 ; 12,-6
1177: 12,-6 ; 12,-3
1178: 12,-6 ; 12,0
1179: 12,-6 ; 12,6
1180: 12,-6 ; 12,12
1181: 12,-6 ; 12,15
1182: 12,-6 ; 12,18
1183: 12,-6 ; 13,3
1184: 12,-6 ; 13,21
1185: 12,-6 ; 14,-1
1186: 12,-6 ; 14,17
1187: 12,-6 ; 15,-4
1188: 12,-6 ; 15,3
1189: 12,-6 ; 15,10
1190: 12,-6 ; 15,12
1191: 12,-6 ; 15,14
1192: 12,-6 ; 16,7
1193: 12,-6 ; 17,3
1194: 12,-6 ; 18,6
1195: 12,-6 ; 18,9
1196: 12,-6 ; 18,12
1197: 12,-6 ; 19,15
1198: 12,-6 ; 20,11
1199: 12,-6 ; 21,8
1200: 12,-3 ; 0,0
1201: 12,-3 ; 3,-3
1202: 12,-3 ; 3,4
1203: 12,-3 ; 3,6
1204: 12,-3 ; 4,1
1205: 12,-3 ; 5,-3
1206: 12,-3 ; 6,-6
1207: 12,-3 ; 6,0
1208: 12,-3 ; 6,3
1209: 12,-3 ; 6,6
1210: 12,-3 ; 6,12
1211: 12,-3 ; 7,9
1212: 12,-3 ; 8,5
1213: 12,-3 ; 9,-9
1214: 12,-3 ; 9,-2
1215: 12,-3 ; 9,0
1216: 12,-3 ; 9,2
1217: 12,-3 ; 9,9
1218: 12,-3 ; 9,16
1219: 12,-3 ; 9,18
1220: 12,-3 ; 10,-5
1221: 12,-3 ; 10,13
1222: 12,-3 ; 11,-9
1223: 12,-3 ; 11,9
1224: 12,-3 ; 12,-6
1225: 12,-3 ; 12,-3
1226: 12,-3 ; 12,0
1227: 12,-3 ; 12,6
1228: 12,-3 ; 12,12
1229: 12,-3 ; 12,15
1230: 12,-3 ; 12,18
1231: 12,-3 ; 13,3
1232: 12,-3 ; 13,21
1233: 12,-3 ; 14,-1
1234: 12,-3 ; 14,17
1235: 12,-3 ; 15,-4
1236: 12,-3 ; 15,3
1237: 12,-3 ; 15,10
1238: 12,-3 ; 15,12
1239: 12,-3 ; 15,14
1240: 12,-3 ; 16,7
1241: 12,-3 ; 17,3
1242: 12,-3 ; 18,6
1243: 12,-3 ; 18,9
1244: 12,-3 ; 18,12
1245: 12,-3 ; 19,15
1246: 12,-3 ; 20,11
1247: 12,-3 ; 21,8
1248: 12,0 ; 0,0
1249: 12,0 ; 3,-3
1250: 12,0 ; 3,4
1251: 12,0 ; 3,6
1252: 12,0 ; 4,1
1253: 12,0 ; 5,-3
1254: 12,0 ; 6,-6
1255: 12,0 ; 6,0
1256: 12,0 ; 6,3
1257: 12,0 ; 6,6
1258: 12,0 ; 6,12
1259: 12,0 ; 7,9
1260: 12,0 ; 8,5
1261: 12,0 ; 9,-9
1262: 12,0 ; 9,-2
1263: 12,0 ; 9,0
1264: 12,0 ; 9,2
1265: 12,0 ; 9,9
1266: 12,0 ; 9,16
1267: 12,0 ; 9,18
1268: 12,0 ; 10,-5
1269: 12,0 ; 10,13
1270: 12,0 ; 11,-9
1271: 12,0 ; 11,9
1272: 12,0 ; 12,-6
1273: 12,0 ; 12,-3
1274: 12,0 ; 12,0
1275: 12,0 ; 12,6
1276: 12,0 ; 12,12
1277: 12,0 ; 12,15
1278: 12,0 ; 12,18
1279: 12,0 ; 13,3
1280: 12,0 ; 13,21
1281: 12,0 ; 14,-1
1282: 12,0 ; 14,17
1283: 12,0 ; 15,-4
1284: 12,0 ; 15,3
1285: 12,0 ; 15,10
1286: 12,0 ; 15,12
1287: 12,0 ; 15,14
1288: 12,0 ; 16,7
1289: 12,0 ; 17,3
1290: 12,0 ; 18,6
1291: 12,0 ; 18,9
1292: 12,0 ; 18,12
1293: 12,0 ; 19,15
1294: 12,0 ; 20,11
1295: 12,0 ; 21,8
1296: 12,6 ; 0,0
1297: 12,6 ; 3,-3
1298: 12,6 ; 3,4
1299: 12,6 ; 3,6
1300: 12,6 ; 4,1
1301: 12,6 ; 5,-3
1302: 12,6 ; 6,-6
1303: 12,6 ; 6,0
1304: 12,6 ; 6,3
1305: 12,6 ; 6,6
1306: 12,6 ; 6,12
1307: 12,6 ; 7,9
1308: 12,6 ; 8,5
1309: 12,6 ; 9,-9
1310: 12,6 ; 9,-2
1311: 12,6 ; 9,0
1312: 12,6 ; 9,2
1313: 12,6 ; 9,9
1314: 12,6 ; 9,16
1315: 12,6 ; 9,18
1316: 12,6 ; 10,-5
1317: 12,6 ; 10,13
1318: 12,6 ; 11,-9
1319: 12,6 ; 11,9
1320: 12,6 ; 12,-6
1321: 12,6 ; 12,-3
1322: 12,6 ; 12,0
1323: 12,6 ; 12,6
1324: 12,6 ; 12,12
1325: 12,6 ; 12,15
1326: 12,6 ; 12,18
1327: 12,6 ; 13,3
1328: 12,6 ; 13,21
1329: 12,6 ; 14,-1
1330: 12,6 ; 14,17
1331: 12,6 ; 15,-4
1332: 12,6 ; 15,3
1333: 12,6 ; 15,10
1334: 12,6 ; 15,12
1335: 12,6 ; 15,14
1336: 12,6 ; 16,7
1337: 12,6 ; 17,3
1338: 12,6 ; 18,6
1339: 12,6 ; 18,9
1340: 12,6 ; 18,12
1341: 12,6 ; 19,15
1342: 12,6 ; 20,11
1343: 12,6 ; 21,8
1344: 12,12 ; 0,0
1345: 12,12 ; 3,-3
1346: 12,12 ; 3,4
1347: 12,12 ; 3,6
1348: 12,12 ; 4,1
1349: 12,12 ; 5,-3
1350: 12,12 ; 6,-6
1351: 12,12 ; 6,0
1352: 12,12 ; 6,3
1353: 12,12 ; 6,6
1354: 12,12 ; 6,12
1355: 12,12 ; 7,9
1356: 12,12 ; 8,5
1357: 12,12 ; 9,-9
1358: 12,12 ; 9,-2
1359: 12,12 ; 9,0
1360: 12,12 ; 9,2
1361: 12,12 ; 9,9
1362: 12,12 ; 9,16
1363: 12,12 ; 9,18
1364: 12,12 ; 10,-5
1365: 12,12 ; 10,13
1366: 12,12 ; 11,-9
1367: 12,12 ; 11,9
1368: 12,12 ; 12,-6
1369: 12,12 ; 12,-3
1370: 12,12 ; 12,0
1371: 12,12 ; 12,6
1372: 12,12 ; 12,12
1373: 12,12 ; 12,15
1374: 12,12 ; 12,18
1375: 12,12 ; 13,3
1376: 12,12 ; 13,21
1377: 12,12 ; 14,-1
1378: 12,12 ; 14,17
1379: 12,12 ; 15,-4
1380: 12,12 ; 15,3
1381: 12,12 ; 15,10
1382: 12,12 ; 15,12
1383: 12,12 ; 15,14
1384: 12,12 ; 16,7
1385: 12,12 ; 17,3
1386: 12,12 ; 18,6
1387: 12,12 ; 18,9
1388: 12,12 ; 18,12
1389: 12,12 ; 19,15
1390: 12,12 ; 20,11
1391: 12,12 ; 21,8
1392: 12,15 ; 0,0
1393: 12,15 ; 3,-3
1394: 12,15 ; 3,4
1395: 12,15 ; 3,6
1396: 12,15 ; 4,1
1397: 12,15 ; 5,-3
1398: 12,15 ; 6,-6
1399: 12,15 ; 6,0
1400: 12,15 ; 6,3
1401: 12,15 ; 6,6
1402: 12,15 ; 6,12
1403: 12,15 ; 7,9
1404: 12,15 ; 8,5
1405: 12,15 ; 9,-9
1406: 12,15 ; 9,-2
1407: 12,15 ; 9,0
1408: 12,15 ; 9,2
1409: 12,15 ; 9,9
1410: 12,15 ; 9,16
1411: 12,15 ; 9,18
1412: 12,15 ; 10,-5
1413: 12,15 ; 10,13
1414: 12,15 ; 11,-9
1415: 12,15 ; 11,9
1416: 12,15 ; 12,-6
1417: 12,15 ; 12,-3
1418: 12,15 ; 12,0
1419: 12,15 ; 12,6
1420: 12,15 ; 12,12
1421: 12,15 ; 12,15
1422: 12,15 ; 12,18
1423: 12,15 ; 13,3
1424: 12,15 ; 13,21
1425: 12,15 ; 14,-1
1426: 12,15 ; 14,17
1427: 12,15 ; 15,-4
1428: 12,15 ; 15,3
1429: 12,15 ; 15,10
1430: 12,15 ; 15,12
1431: 12,15 ; 15,14
1432: 12,15 ; 16,7
1433: 12,15 ; 17,3
1434: 12,15 ; 18,6
1435: 12,15 ; 18,9
1436: 12,15 ; 18,12
1437: 12,15 ; 19,15
1438: 12,15 ; 20,11
1439: 12,15 ; 21,8
1440: 12,18 ; 0,0
1441: 12,18 ; 3,-3
1442: 12,18 ; 3,4
1443: 12,18 ; 3,6
1444: 12,18 ; 4,1
1445: 12,18 ; 5,-3
1446: 12,18 ; 6,-6
1447: 12,18 ; 6,0
1448: 12,18 ; 6,3
1449: 12,18 ; 6,6
1450: 12,18 ; 6,12
1451: 12,18 ; 7,9
1452: 12,18 ; 8,5
1453: 12,18 ; 9,-9
1454: 12,18 ; 9,-2
1455: 12,18 ; 9,0
1456: 12,18 ; 9,2
1457: 12,18 ; 9,9
1458: 12,18 ; 9,16
1459: 12,18 ; 9,18
1460: 12,18 ; 10,-5
1461: 12,18 ; 10,13
1462: 12,18 ; 11,-9
1463: 12,18 ; 11,9
1464: 12,18 ; 12,-6
1465: 12,18 ; 12,-3
1466: 12,18 ; 12,0
1467: 12,18 ; 12,6
1468: 12,18 ; 12,12
1469: 12,18 ; 12,15
1470: 12,18 ; 12,18
1471: 12,18 ; 13,3
1472: 12,18 ; 13,21
1473: 12,18 ; 14,-1
1474: 12,18 ; 14,17
1475: 12,18 ; 15,-4
1476: 12,18 ; 15,3
1477: 12,18 ; 15,10
1478: 12,18 ; 15,12
1479: 12,18 ; 15,14
1480: 12,18 ; 16,7
1481: 12,18 ; 17,3
1482: 12,18 ; 18,6
1483: 12,18 ; 18,9
1484: 12,18 ; 18,12
1485: 12,18 ; 19,15
1486: 12,18 ; 20,11
1487: 12,18 ; 21,8
1488: 13,3 ; 0,0
1489: 13,3 ; 3,-3
1490: 13,3 ; 3,4
1491: 13,3 ; 3,6
1492: 13,3 ; 4,1
1493: 13,3 ; 5,-3
1494: 13,3 ; 6,-6
1495: 13,3 ; 6,0
1496: 13,3 ; 6,3
1497: 13,3 ; 6,6
1498: 13,3 ; 6,12
1499: 13,3 ; 7,9
1500: 13,3 ; 8,5
1501: 13,3 ; 9,-9
1502: 13,3 ; 9,-2
1503: 13,3 ; 9,0
1504: 13,3 ; 9,2
1505: 13,3 ; 9,9
1506: 13,3 ; 9,16
1507: 13,3 ; 9,18
1508: 13,3 ; 10,-5
1509: 13,3 ; 10,13
1510: 13,3 ; 11,-9
1511: 13,3 ; 11,9
1512: 13,3 ; 12,-6
1513: 13,3 ; 12,-3
1514: 13,3 ; 12,0
1515: 13,3 ; 12,6
1516: 13,3 ; 12,12
1517: 13,3 ; 12,15
1518: 13,3 ; 12,18
1519: 13,3 ; 13,3
1520: 13,3 ; 13,21
1521: 13,3 ; 14,-1
1522: 13,3 ; 14,17
1523: 13,3 ; 15,-4
1524: 13,3 ; 15,3
1525: 13,3 ; 15,10
1526: 13,3 ; 15,12
1527: 13,3 ; 15,14
1528: 13,3 ; 16,7
1529: 13,3 ; 17,3
1530: 13,3 ; 18,6
1531: 13,3 ; 18,9
1532: 13,3 ; 18,12
1533: 13,3 ; 19,15
1534: 13,3 ; 20,11
1535: 13,3 ; 21,8
1536: 13,21 ; 0,0
1537: 13,21 ; 3,-3
1538: 13,21 ; 3,4
1539: 13,21 ; 3,6
1540: 13,21 ; 4,1
1541: 13,21 ; 5,-3
1542: 13,21 ; 6,-6
1543: 13,21 ; 6,0
1544: 13,21 ; 6,3
1545: 13,21 ; 6,6
1546: 13,21 ; 6,12
1547: 13,21 ; 7,9
1548: 13,21 ; 8,5
1549: 13,21 ; 9,-9
1550: 13,21 ; 9,-2
1551: 13,21 ; 9,0
1552: 13,21 ; 9,2
1553: 13,21 ; 9,9
1554: 13,21 ; 9,16
1555: 13,21 ; 9,18
1556: 13,21 ; 10,-5
1557: 13,21 ; 10,13
1558: 13,21 ; 11,-9
1559: 13,21 ; 11,9
1560: 13,21 ; 12,-6
1561: 13,21 ; 12,-3
1562: 13,21 ; 12,0
1563: 13,21 ; 12,6
1564: 13,21 ; 12,12
1565: 13,21 ; 12,15
1566: 13,21 ; 12,18
1567: 13,21 ; 13,3
1568: 13,21 ; 13,21
1569: 13,21 ; 14,-1
1570: 13,21 ; 14,17
1571: 13,21 ; 15,-4
1572: 13,21 ; 15,3
1573: 13,21 ; 15,10
1574: 13,21 ; 15,12
1575: 13,21 ; 15,14
1576: 13,21 ; 16,7
1577: 13,21 ; 17,3
1578: 13,21 ; 18,6
1579: 13,21 ; 18,9
1580: 13,21 ; 18,12
1581: 13,21 ; 19,15
1582: 13,21 ; 20,11
1583: 13,21 ; 21,8
1584: 14,-1 ; 0,0
1585: 14,-1 ; 3,-3
1586: 14,-1 ; 3,4
1587: 14,-1 ; 3,6
1588: 14,-1 ; 4,1
1589: 14,-1 ; 5,-3
1590: 14,-1 ; 6,-6
1591: 14,-1 ; 6,0
1592: 14,-1 ; 6,3
1593: 14,-1 ; 6,6
1594: 14,-1 ; 6,12
1595: 14,-1 ; 7,9
1596: 14,-1 ; 8,5
1597: 14,-1 ; 9,-9
1598: 14,-1 ; 9,-2
1599: 14,-1 ; 9,0
1600: 14,-1 ; 9,2
1601: 14,-1 ; 9,9
1602: 14,-1 ; 9,16
1603: 14,-1 ; 9,18
1604: 14,-1 ; 10,-5
1605: 14,-1 ; 10,13
1606: 14,-1 ; 11,-9
1607: 14,-1 ; 11,9
1608: 14,-1 ; 12,-6
1609: 14,-1 ; 12,-3
1610: 14,-1 ; 12,0
1611: 14,-1 ; 12,6
1612: 14,-1 ; 12,12
1613: 14,-1 ; 12,15
1614: 14,-1 ; 12,18
1615: 14,-1 ; 13,3
1616: 14,-1 ; 13,21
1617: 14,-1 ; 14,-1
1618: 14,-1 ; 14,17
1619: 14,-1 ; 15,-4
1620: 14,-1 ; 15,3
1621: 14,-1 ; 15,10
1622: 14,-1 ; 15,12
1623: 14,-1 ; 15,14
1624: 14,-1 ; 16,7
1625: 14,-1 ; 17,3
1626: 14,-1 ; 18,6
1627: 14,-1 ; 18,9
1628: 14,-1 ; 18,12
1629: 14,-1 ; 19,15
1630: 14,-1 ; 20,11
1631: 14,-1 ; 21,8
1632: 14,17 ; 0,0
1633: 14,17 ; 3,-3
1634: 14,17 ; 3,4
1635: 14,17 ; 3,6
1636: 14,17 ; 4,1
1637: 14,17 ; 5,-3
1638: 14,17 ; 6,-6
1639: 14,17 ; 6,0
1640: 14,17 ; 6,3
1641: 14,17 ; 6,6
1642: 14,17 ; 6,12
1643: 14,17 ; 7,9
1644: 14,17 ; 8,5
1645: 14,17 ; 9,-9
1646: 14,17 ; 9,-2
1647: 14,17 ; 9,0
1648: 14,17 ; 9,2
1649: 14,17 ; 9,9
1650: 14,17 ; 9,16
1651: 14,17 ; 9,18
1652: 14,17 ; 10,-5
1653: 14,17 ; 10,13
1654: 14,17 ; 11,-9
1655: 14,17 ; 11,9
1656: 14,17 ; 12,-6
1657: 14,17 ; 12,-3
1658: 14,17 ; 12,0
1659: 14,17 ; 12,6
1660: 14,17 ; 12,12
1661: 14,17 ; 12,15
1662: 14,17 ; 12,18
1663: 14,17 ; 13,3
1664: 14,17 ; 13,21
1665: 14,17 ; 14,-1
1666: 14,17 ; 14,17
1667: 14,17 ; 15,-4
1668: 14,17 ; 15,3
1669: 14,17 ; 15,10
1670: 14,17 ; 15,12
1671: 14,17 ; 15,14
1672: 14,17 ; 16,7
1673: 14,17 ; 17,3
1674: 14,17 ; 18,6
1675: 14,17 ; 18,9
1676: 14,17 ; 18,12
1677: 14,17 ; 19,15
1678: 14,17 ; 20,11
1679: 14,17 ; 21,8
1680: 15,-4 ; 0,0
1681: 15,-4 ; 3,-3
1682: 15,-4 ; 3,4
1683: 15,-4 ; 3,6
1684: 15,-4 ; 4,1
1685: 15,-4 ; 5,-3
1686: 15,-4 ; 6,-6
1687: 15,-4 ; 6,0
1688: 15,-4 ; 6,3
1689: 15,-4 ; 6,6
1690: 15,-4 ; 6,12
1691: 15,-4 ; 7,9
1692: 15,-4 ; 8,5
1693: 15,-4 ; 9,-9
1694: 15,-4 ; 9,-2
1695: 15,-4 ; 9,0
1696: 15,-4 ; 9,2
1697: 15,-4 ; 9,9
1698: 15,-4 ; 9,16
1699: 15,-4 ; 9,18
1700: 15,-4 ; 10,-5
1701: 15,-4 ; 10,13
1702: 15,-4 ; 11,-9
1703: 15,-4 ; 11,9
1704: 15,-4 ; 12,-6
1705: 15,-4 ; 12,-3
1706: 15,-4 ; 12,0
1707: 15,-4 ; 12,6
1708: 15,-4 ; 12,12
1709: 15,-4 ; 12,15
1710: 15,-4 ; 12,18
1711: 15,-4 ; 13,3
1712: 15,-4 ; 13,21
1713: 15,-4 ; 14,-1
1714: 15,-4 ; 14,17
1715: 15,-4 ; 15,-4
1716: 15,-4 ; 15,3
1717: 15,-4 ; 15,10
1718: 15,-4 ; 15,12
1719: 15,-4 ; 15,14
1720: 15,-4 ; 16,7
1721: 15,-4 ; 17,3
1722: 15,-4 ; 18,6
1723: 15,-4 ; 18,9
1724: 15,-4 ; 18,12
1725: 15,-4 ; 19,15
1726: 15,-4 ; 20,11
1727: 15,-4 ; 21,8
1728: 15,3 ; 0,0
1729: 15,3 ; 3,-3
1730: 15,3 ; 3,4
1731: 15,3 ; 3,6
1732: 15,3 ; 4,1
1733: 15,3 ; 5,-3
1734: 15,3 ; 6,-6
1735: 15,3 ; 6,0
1736: 15,3 ; 6,3
1737: 15,3 ; 6,6
1738: 15,3 ; 6,12
1739: 15,3 ; 7,9
1740: 15,3 ; 8,5
1741: 15,3 ; 9,-9
1742: 15,3 ; 9,-2
1743: 15,3 ; 9,0
1744: 15,3 ; 9,2
1745: 15,3 ; 9,9
1746: 15,3 ; 9,16
1747: 15,3 ; 9,18
1748: 15,3 ; 10,-5
1749: 15,3 ; 10,13
1750: 15,3 ; 11,-9
1751: 15,3 ; 11,9
1752: 15,3 ; 12,-6
1753: 15,3 ; 12,-3
1754: 15,3 ; 12,0
1755: 15,3 ; 12,6
1756: 15,3 ; 12,12
1757: 15,3 ; 12,15
1758: 15,3 ; 12,18
1759: 15,3 ; 13,3
1760: 15,3 ; 13,21
1761: 15,3 ; 14,-1
1762: 15,3 ; 14,17
1763: 15,3 ; 15,-4
1764: 15,3 ; 15,3
1765: 15,3 ; 15,10
1766: 15,3 ; 15,12
1767: 15,3 ; 15,14
1768: 15,3 ; 16,7
1769: 15,3 ; 17,3
1770: 15,3 ; 18,6
1771: 15,3 ; 18,9
1772: 15,3 ; 18,12
1773: 15,3 ; 19,15
1774: 15,3 ; 20,11
1775: 15,3 ; 21,8
1776: 15,10 ; 0,0
1777: 15,10 ; 3,-3
1778: 15,10 ; 3,4
1779: 15,10 ; 3,6
1780: 15,10 ; 4,1
1781: 15,10 ; 5,-3
1782: 15,10 ; 6,-6
1783: 15,10 ; 6,0
1784: 15,10 ; 6,3
1785: 15,10 ; 6,6
1786: 15,10 ; 6,12
1787: 15,10 ; 7,9
1788: 15,10 ; 8,5
1789: 15,10 ; 9,-9
1790: 15,10 ; 9,-2
1791: 15,10 ; 9,0
1792: 15,10 ; 9,2
1793: 15,10 ; 9,9
1794: 15,10 ; 9,16
1795: 15,10 ; 9,18
1796: 15,10 ; 10,-5
1797: 15,10 ; 10,13
1798: 15,10 ; 11,-9
1799: 15,10 ; 11,9
1800: 15,10 ; 12,-6
1801: 15,10 ; 12,-3
1802: 15,10 ; 12,0
1803: 15,10 ; 12,6
1804: 15,10 ; 12,12
1805: 15,10 ; 12,15
1806: 15,10 ; 12,18
1807: 15,10 ; 13,3
1808: 15,10 ; 13,21
1809: 15,10 ; 14,-1
1810: 15,10 ; 14,17
1811: 15,10 ; 15,-4
1812: 15,10 ; 15,3
1813: 15,10 ; 15,10
1814: 15,10 ; 15,12
1815: 15,10 ; 15,14
1816: 15,10 ; 16,7
1817: 15,10 ; 17,3
1818: 15,10 ; 18,6
1819: 15,10 ; 18,9
1820: 15,10 ; 18,12
1821: 15,10 ; 19,15
1822: 15,10 ; 20,11
1823: 15,10 ; 21,8
1824: 15,12 ; 0,0
1825: 15,12 ; 3,-3
1826: 15,12 ; 3,4
1827: 15,12 ; 3,6
1828: 15,12 ; 4,1
1829: 15,12 ; 5,-3
1830: 15,12 ; 6,-6
1831: 15,12 ; 6,0
1832: 15,12 ; 6,3
1833: 15,12 ; 6,6
1834: 15,12 ; 6,12
1835: 15,12 ; 7,9
1836: 15,12 ; 8,5
1837: 15,12 ; 9,-9
1838: 15,12 ; 9,-2
1839: 15,12 ; 9,0
1840: 15,12 ; 9,2
1841: 15,12 ; 9,9
1842: 15,12 ; 9,16
1843: 15,12 ; 9,18
1844: 15,12 ; 10,-5
1845: 15,12 ; 10,13
1846: 15,12 ; 11,-9
1847: 15,12 ; 11,9
1848: 15,12 ; 12,-6
1849: 15,12 ; 12,-3
1850: 15,12 ; 12,0
1851: 15,12 ; 12,6
1852: 15,12 ; 12,12
1853: 15,12 ; 12,15
1854: 15,12 ; 12,18
1855: 15,12 ; 13,3
1856: 15,12 ; 13,21
1857: 15,12 ; 14,-1
1858: 15,12 ; 14,17
1859: 15,12 ; 15,-4
1860: 15,12 ; 15,3
1861: 15,12 ; 15,10
1862: 15,12 ; 15,12
1863: 15,12 ; 15,14
1864: 15,12 ; 16,7
1865: 15,12 ; 17,3
1866: 15,12 ; 18,6
1867: 15,12 ; 18,9
1868: 15,12 ; 18,12
1869: 15,12 ; 19,15
1870: 15,12 ; 20,11
1871: 15,12 ; 21,8
1872: 15,14 ; 0,0
1873: 15,14 ; 3,-3
1874: 15,14 ; 3,4
1875: 15,14 ; 3,6
1876: 15,14 ; 4,1
1877: 15,14 ; 5,-3
1878: 15,14 ; 6,-6
1879: 15,14 ; 6,0
1880: 15,14 ; 6,3
1881: 15,14 ; 6,6
1882: 15,14 ; 6,12
1883: 15,14 ; 7,9
1884: 15,14 ; 8,5
1885: 15,14 ; 9,-9
1886: 15,14 ; 9,-2
1887: 15,14 ; 9,0
1888: 15,14 ; 9,2
1889: 15,14 ; 9,9
1890: 15,14 ; 9,16
1891: 15,14 ; 9,18
1892: 15,14 ; 10,-5
1893: 15,14 ; 10,13
1894: 15,14 ; 11,-9
1895: 15,14 ; 11,9
1896: 15,14 ; 12,-6
1897: 15,14 ; 12,-3
1898: 15,14 ; 12,0
1899: 15,14 ; 12,6
1900: 15,14 ; 12,12
1901: 15,14 ; 12,15
1902: 15,14 ; 12,18
1903: 15,14 ; 13,3
1904: 15,14 ; 13,21
1905: 15,14 ; 14,-1
1906: 15,14 ; 14,17
1907: 15,14 ; 15,-4
1908: 15,14 ; 15,3
1909: 15,14 ; 15,10
1910: 15,14 ; 15,12
1911: 15,14 ; 15,14
1912: 15,14 ; 16,7
1913: 15,14 ; 17,3
1914: 15,14 ; 18,6
1915: 15,14 ; 18,9
1916: 15,14 ; 18,12
1917: 15,14 ; 19,15
1918: 15,14 ; 20,11
1919: 15,14 ; 21,8
1920: 16,7 ; 0,0
1921: 16,7 ; 3,-3
1922: 16,7 ; 3,4
1923: 16,7 ; 3,6
1924: 16,7 ; 4,1
1925: 16,7 ; 5,-3
1926: 16,7 ; 6,-6
1927: 16,7 ; 6,0
1928: 16,7 ; 6,3
1929: 16,7 ; 6,6
1930: 16,7 ; 6,12
1931: 16,7 ; 7,9
1932: 16,7 ; 8,5
1933: 16,7 ; 9,-9
1934: 16,7 ; 9,-2
1935: 16,7 ; 9,0
1936: 16,7 ; 9,2
1937: 16,7 ; 9,9
1938: 16,7 ; 9,16
1939: 16,7 ; 9,18
1940: 16,7 ; 10,-5
1941: 16,7 ; 10,13
1942: 16,7 ; 11,-9
1943: 16,7 ; 11,9
1944: 16,7 ; 12,-6
1945: 16,7 ; 12,-3
1946: 16,7 ; 12,0
1947: 16,7 ; 12,6
1948: 16,7 ; 12,12
1949: 16,7 ; 12,15
1950: 16,7 ; 12,18
1951: 16,7 ; 13,3
1952: 16,7 ; 13,21
1953: 16,7 ; 14,-1
1954: 16,7 ; 14,17
1955: 16,7 ; 15,-4
1956: 16,7 ; 15,3
1957: 16,7 ; 15,10
1958: 16,7 ; 15,12
1959: 16,7 ; 15,14
1960: 16,7 ; 16,7
1961: 16,7 ; 17,3
1962: 16,7 ; 18,6
1963: 16,7 ; 18,9
1964: 16,7 ; 18,12
1965: 16,7 ; 19,15
1966: 16,7 ; 20,11
1967: 16,7 ; 21,8
1968: 17,3 ; 0,0
1969: 17,3 ; 3,-3
1970: 17,3 ; 3,4
1971: 17,3 ; 3,6
1972: 17,3 ; 4,1
1973: 17,3 ; 5,-3
1974: 17,3 ; 6,-6
1975: 17,3 ; 6,0
1976: 17,3 ; 6,3
1977: 17,3 ; 6,6
1978: 17,3 ; 6,12
1979: 17,3 ; 7,9
1980: 17,3 ; 8,5
1981: 17,3 ; 9,-9
1982: 17,3 ; 9,-2
1983: 17,3 ; 9,0
1984: 17,3 ; 9,2
1985: 17,3 ; 9,9
1986: 17,3 ; 9,16
1987: 17,3 ; 9,18
1988: 17,3 ; 10,-5
1989: 17,3 ; 10,13
1990: 17,3 ; 11,-9
1991: 17,3 ; 11,9
1992: 17,3 ; 12,-6
1993: 17,3 ; 12,-3
1994: 17,3 ; 12,0
1995: 17,3 ; 12,6
1996: 17,3 ; 12,12
1997: 17,3 ; 12,15
1998: 17,3 ; 12,18
1999: 17,3 ; 13,3
2000: 17,3 ; 13,21
2001: 17,3 ; 14,-1
2002: 17,3 ; 14,17
2003: 17,3 ; 15,-4
2004: 17,3 ; 15,3
2005: 17,3 ; 15,10
2006: 17,3 ; 15,12
2007: 17,3 ; 15,14
2008: 17,3 ; 16,7
2009: 17,3 ; 17,3
2010: 17,3 ; 18,6
2011: 17,3 ; 18,9
2012: 17,3 ; 18,12
2013: 17,3 ; 19,15
2014: 17,3 ; 20,11
2015: 17,3 ; 21,8
2016: 18,6 ; 0,0
2017: 18,6 ; 3,-3
2018: 18,6 ; 3,4
2019: 18,6 ; 3,6
2020: 18,6 ; 4,1
2021: 18,6 ; 5,-3
2022: 18,6 ; 6,-6
2023: 18,6 ; 6,0
2024: 18,6 ; 6,3
2025: 18,6 ; 6,6
2026: 18,6 ; 6,12
2027: 18,6 ; 7,9
2028: 18,6 ; 8,5
2029: 18,6 ; 9,-9
2030: 18,6 ; 9,-2
2031: 18,6 ; 9,0
2032: 18,6 ; 9,2
2033: 18,6 ; 9,9
2034: 18,6 ; 9,16
2035: 18,6 ; 9,18
2036: 18,6 ; 10,-5
2037: 18,6 ; 10,13
2038: 18,6 ; 11,-9
2039: 18,6 ; 11,9
2040: 18,6 ; 12,-6
2041: 18,6 ; 12,-3
2042: 18,6 ; 12,0
2043: 18,6 ; 12,6
2044: 18,6 ; 12,12
2045: 18,6 ; 12,15
2046: 18,6 ; 12,18
2047: 18,6 ; 13,3
2048: 18,6 ; 13,21
2049: 18,6 ; 14,-1
2050: 18,6 ; 14,17
2051: 18,6 ; 15,-4
2052: 18,6 ; 15,3
2053: 18,6 ; 15,10
2054: 18,6 ; 15,12
2055: 18,6 ; 15,14
2056: 18,6 ; 16,7
2057: 18,6 ; 17,3
2058: 18,6 ; 18,6
2059: 18,6 ; 18,9
2060: 18,6 ; 18,12
2061: 18,6 ; 19,15
2062: 18,6 ; 20,11
2063: 18,6 ; 21,8
2064: 18,9 ; 0,0
2065: 18,9 ; 3,-3
2066: 18,9 ; 3,4
2067: 18,9 ; 3,6
2068: 18,9 ; 4,1
2069: 18,9 ; 5,-3
2070: 18,9 ; 6,-6
2071: 18,9 ; 6,0
2072: 18,9 ; 6,3
2073: 18,9 ; 6,6
2074: 18,9 ; 6,12
2075: 18,9 ; 7,9
2076: 18,9 ; 8,5
2077: 18,9 ; 9,-9
2078: 18,9 ; 9,-2
2079: 18,9 ; 9,0
2080: 18,9 ; 9,2
2081: 18,9 ; 9,9
2082: 18,9 ; 9,16
2083: 18,9 ; 9,18
2084: 18,9 ; 10,-5
2085: 18,9 ; 10,13
2086: 18,9 ; 11,-9
2087: 18,9 ; 11,9
2088: 18,9 ; 12,-6
2089: 18,9 ; 12,-3
2090: 18,9 ; 12,0
2091: 18,9 ; 12,6
2092: 18,9 ; 12,12
2093: 18,9 ; 12,15
2094: 18,9 ; 12,18
2095: 18,9 ; 13,3
2096: 18,9 ; 13,21
2097: 18,9 ; 14,-1
2098: 18,9 ; 14,17
2099: 18,9 ; 15,-4
2100: 18,9 ; 15,3
2101: 18,9 ; 15,10
2102: 18,9 ; 15,12
2103: 18,9 ; 15,14
2104: 18,9 ; 16,7
2105: 18,9 ; 17,3
2106: 18,9 ; 18,6
2107: 18,9 ; 18,9
2108: 18,9 ; 18,12
2109: 18,9 ; 19,15
2110: 18,9 ; 20,11
2111: 18,9 ; 21,8
2112: 18,12 ; 0,0
2113: 18,12 ; 3,-3
2114: 18,12 ; 3,4
2115: 18,12 ; 3,6
2116: 18,12 ; 4,1
2117: 18,12 ; 5,-3
2118: 18,12 ; 6,-6
2119: 18,12 ; 6,0
2120: 18,12 ; 6,3
2121: 18,12 ; 6,6
2122: 18,12 ; 6,12
2123: 18,12 ; 7,9
2124: 18,12 ; 8,5
2125: 18,12 ; 9,-9
2126: 18,12 ; 9,-2
2127: 18,12 ; 9,0
2128: 18,12 ; 9,2
2129: 18,12 ; 9,9
2130: 18,12 ; 9,16
2131: 18,12 ; 9,18
2132: 18,12 ; 10,-5
2133: 18,12 ; 10,13
2134: 18,12 ; 11,-9
2135: 18,12 ; 11,9
2136: 18,12 ; 12,-6
2137: 18,12 ; 12,-3
2138: 18,12 ; 12,0
2139: 18,12 ; 12,6
2140: 18,12 ; 12,12
2141: 18,12 ; 12,15
2142: 18,12 ; 12,18
2143: 18,12 ; 13,3
2144: 18,12 ; 13,21
2145: 18,12 ; 14,-1
2146: 18,12 ; 14,17
2147: 18,12 ; 15,-4
2148: 18,12 ; 15,3
2149: 18,12 ; 15,10
2150: 18,12 ; 15,12
2151: 18,12 ; 15,14
2152: 18,12 ; 16,7
2153: 18,12 ; 17,3
2154: 18,12 ; 18,6
2155: 18,12 ; 18,9
2156: 18,12 ; 18,12
2157: 18,12 ; 19,15
2158: 18,12 ; 20,11
2159: 18,12 ; 21,8
2160: 19,15 ; 0,0
2161: 19,15 ; 3,-3
2162: 19,15 ; 3,4
2163: 19,15 ; 3,6
2164: 19,15 ; 4,1
2165: 19,15 ; 5,-3
2166: 19,15 ; 6,-6
2167: 19,15 ; 6,0
2168: 19,15 ; 6,3
2169: 19,15 ; 6,6
2170: 19,15 ; 6,12
2171: 19,15 ; 7,9
2172: 19,15 ; 8,5
2173: 19,15 ; 9,-9
2174: 19,15 ; 9,-2
2175: 19,15 ; 9,0
2176: 19,15 ; 9,2
2177: 19,15 ; 9,9
2178: 19,15 ; 9,16
2179: 19,15 ; 9,18
2180: 19,15 ; 10,-5
2181: 19,15 ; 10,13
2182: 19,15 ; 11,-9
2183: 19,15 ; 11,9
2184: 19,15 ; 12,-6
2185: 19,15 ; 12,-3
2186: 19,15 ; 12,0
2187: 19,15 ; 12,6
2188: 19,15 ; 12,12
2189: 19,15 ; 12,15
2190: 19,15 ; 12,18
2191: 19,15 ; 13,3
2192: 19,15 ; 13,21
2193: 19,15 ; 14,-1
2194: 19,15 ; 14,17
2195: 19,15 ; 15,-4
2196: 19,15 ; 15,3
2197: 19,15 ; 15,10
2198: 19,15 ; 15,12
2199: 19,15 ; 15,14
2200: 19,15 ; 16,7
2201: 19,15 ; 17,3
2202: 19,15 ; 18,6
2203: 19,15 ; 18,9
2204: 19,15 ; 18,12
2205: 19,15 ; 19,15
2206: 19,15 ; 20,11
2207: 19,15 ; 21,8
2208: 20,11 ; 0,0
2209: 20,11 ; 3,-3
2210: 20,11 ; 3,4
2211: 20,11 ; 3,6
2212: 20,11 ; 4,1
2213: 20,11 ; 5,-3
2214: 20,11 ; 6,-6
2215: 20,11 ; 6,0
2216: 20,11 ; 6,3
2217: 20,11 ; 6,6
2218: 20,11 ; 6,12
2219: 20,11 ; 7,9
2220: 20,11 ; 8,5
2221: 20,11 ; 9,-9
2222: 20,11 ; 9,-2
2223: 20,11 ; 9,0
2224: 20,11 ; 9,2
2225: 20,11 ; 9,9
2226: 20,11 ; 9,16
2227: 20,11 ; 9,18
2228: 20,11 ; 10,-5
2229: 20,11 ; 10,13
2230: 20,11 ; 11,-9
2231: 20,11 ; 11,9
2232: 20,11 ; 12,-6
2233: 20,11 ; 12,-3
2234: 20,11 ; 12,0
2235: 20,11 ; 12,6
2236: 20,11 ; 12,12
2237: 20,11 ; 12,15
2238: 20,11 ; 12,18
2239: 20,11 ; 13,3
2240: 20,11 ; 13,21
2241: 20,11 ; 14,-1
2242: 20,11 ; 14,17
2243: 20,11 ; 15,-4
2244: 20,11 ; 15,3
2245: 20,11 ; 15,10
2246: 20,11 ; 15,12
2247: 20,11 ; 15,14
2248: 20,11 ; 16,7
2249: 20,11 ; 17,3
2250: 20,11 ; 18,6
2251: 20,11 ; 18,9
2252: 20,11 ; 18,12
2253: 20,11 ; 19,15
2254: 20,11 ; 20,11
2255: 20,11 ; 21,8
2256: 21,8 ; 0,0
2257: 21,8 ; 3,-3
2258: 21,8 ; 3,4
2259: 21,8 ; 3,6
2260: 21,8 ; 4,1
2261: 21,8 ; 5,-3
2262: 21,8 ; 6,-6
2263: 21,8 ; 6,0
2264: 21,8 ; 6,3
2265: 21,8 ; 6,6
2266: 21,8 ; 6,12
2267: 21,8 ; 7,9
2268: 21,8 ; 8,5
2269: 21,8 ; 9,-9
2270: 21,8 ; 9,-2
2271: 21,8 ; 9,0
2272: 21,8 ; 9,2
2273: 21,8 ; 9,9
2274: 21,8 ; 9,16
2275: 21,8 ; 9,18
2276: 21,8 ; 10,-5
2277: 21,8 ; 10,13
2278: 21,8 ; 11,-9
2279: 21,8 ; 11,9
2280: 21,8 ; 12,-6
2281: 21,8 ; 12,-3
2282: 21,8 ; 12,0
2283: 21,8 ; 12,6
2284: 21,8 ; 12,12
2285: 21,8 ; 12,15
2286: 21,8 ; 12,18
2287: 21,8 ; 13,3
2288: 21,8 ; 13,21
2289: 21,8 ; 14,-1
2290: 21,8 ; 14,17
2291: 21,8 ; 15,-4
2292: 21,8 ; 15,3
2293: 21,8 ; 15,10
2294: 21,8 ; 15,12
2295: 21,8 ; 15,14
2296: 21,8 ; 16,7
2297: 21,8 ; 17,3
2298: 21,8 ; 18,6
2299: 21,8 ; 18,9
2300: 21,8 ; 18,12
2301: 21,8 ; 19,15
2302: 21,8 ; 20,11
2303: 21,8 ; 21,8
