# CP^2_10 of Bagchi--Datta arXiv:1004.3157; vertex labels: 1=x11, 2=x12, 3=x13, 4=x14, 5=x22, 6=x23, 7=x24, 8=x33, 9=x34, 10=x44
# Generated from the five basic facets and the group A_4 = <(123),(12)(34)> of the paper.
1,2,3,5,7
1,2,3,5,8
1,2,3,7,8
1,2,4,5,9
1,2,4,5,10
1,2,4,9,10
1,2,5,6,8
1,2,5,6,9
1,2,5,7,10
1,2,6,7,8
1,2,6,7,10
1,2,6,9,10
1,3,4,6,8
1,3,4,6,10
1,3,4,8,10
1,3,5,6,8
1,3,5,6,9
1,3,5,7,9
1,3,6,9,10
1,3,7,8,9
1,3,8,9,10
1,4,5,7,9
1,4,5,7,10
1,4,6,7,8
1,4,6,7,10
1,4,7,8,9
1,4,8,9,10
2,3,4,5,8
2,3,4,5,10
2,3,4,8,10
2,3,5,7,10
2,3,7,8,10
2,4,5,8,9
2,4,8,9,10
2,5,6,8,9
2,6,7,8,10
2,6,8,9,10
3,4,5,6,8
3,4,5,6,10
3,5,6,9,10
3,5,7,9,10
3,7,8,9,10
4,5,6,7,8
4,5,6,7,10
4,5,7,8,9
5,6,7,8,10
5,6,8,9,10
5,7,8,9,10
